6.972599e+09 0.000000e+00 0.000000e+00 0.000000e+00 0.000000e+00 0.000000e+00 0.000000e+00
2.172450e+00 -9.499995e-02 -4.863353e-01 -6.307188e-02 4.899330e-02 -9.570272e-03 -1.620756e-03
8.975257e+00 3.780067e-02 -1.717403e-03 2.022669e-04 8.870761e-03 1.952487e-01 -3.620672e-03
6.167888e+00 4.621861e-01 -4.318521e-01 -1.112288e-01 3.346439e-02 3.581498e-02 -1.838395e-03
7.663634e+00 3.297478e-01 -8.982015e-01 -3.644600e-02 3.716134e-02 1.364268e-02 -7.282562e-04
6.185859e+00 3.290116e-01 -3.173432e-02 6.562279e-02 5.776063e-03 5.988444e-02 -6.227674e-04
8.687590e+00 6.750240e-01 1.537451e-01 2.373466e-02 -9.578544e-03 4.205497e-02 -2.353311e-03
6.274172e+00 2.473784e-01 1.911128e-01 5.491130e-02 -4.423449e-02 5.725757e-02 -8.228663e-04
6.022291e+00 5.891762e-01 2.501075e-01 -1.982758e-02 -1.776851e-02 4.185714e-02 -1.180577e-03
9.084631e-01 -1.119209e-01 -2.841862e-01 1.177638e-02 5.895787e-02 -2.321935e-02 3.271258e-03
1.593158e+00 -1.089340e-02 6.730149e-02 1.601476e-02 -1.282353e-01 -2.075613e-02 -3.679776e-03
9.993003e+00 -2.203212e-01 1.735487e-01 6.669956e-02 -4.010230e-02 -5.091013e-02 -6.971489e-04
1.739683e+00 2.790508e-02 -3.075238e-03 -5.352015e-04 2.760877e-02 2.505253e-01 1.897700e-02
8.812065e+00 -4.077787e-01 -2.642534e-02 1.746547e-02 3.911157e-03 -6.035444e-02 -6.032224e-04
8.647640e+00 2.151849e-01 6.579152e-01 -1.675066e-02 -4.364465e-02 1.427489e-02 -3.290459e-03
7.737278e+00 -8.768330e-01 -4.769971e-01 -1.461915e-01 1.593995e-02 -2.930139e-02 -6.497672e-04
3.485794e+00 -4.911942e-02 -2.908998e-02 5.604205e-04 8.405285e-02 -1.419261e-01 -1.534791e-03
2.003132e+00 -6.981878e-01 6.663134e-01 -1.007843e-01 -2.700086e-02 -2.829250e-02 -1.442255e-03
3.271594e+00 -5.272902e-03 -5.137332e-03 -7.095861e-04 3.086997e-01 -3.168460e-01 -2.826498e-02
3.322272e+00 -1.561156e-01 4.696764e-01 -4.341982e-04 -4.827173e-02 -1.604503e-02 3.066396e-03
9.352345e+00 9.293688e-02 3.270124e-01 -4.952172e-03 -6.841375e-02 1.944318e-02 -3.525967e-03
6.186325e+00 2.141545e-01 6.677774e-01 -1.019133e-02 -4.642129e-02 1.488719e-02 3.033297e-03
6.286567e+00 7.826507e-01 -3.355538e-01 -1.150605e-01 1.623306e-02 3.786222e-02 4.124888e-04
2.433454e+00 8.055214e-01 5.802400e-01 2.223861e-01 -2.475104e-02 3.436077e-02 2.155028e-03
1.033028e+00 1.893596e-01 -3.149069e-02 8.202154e-03 1.289537e-02 7.754231e-02 8.345158e-04
5.446643e+00 -2.449296e-01 -1.585394e-01 9.414235e-03 3.738118e-02 -5.775068e-02 -2.891383e-03
8.083339e+00 9.079869e-02 -4.520522e-01 2.975472e-02 4.954278e-02 9.951106e-03 -2.955372e-05
2.303239e+00 -3.596179e-01 -6.471373e-03 2.123635e-02 1.132056e-03 -6.290900e-02 -4.395791e-03
5.401272e+00 1.030018e-01 3.705457e-02 9.743688e-03 -3.933040e-02 1.093280e-01 4.299115e-04
2.122470e+00 3.031469e-01 -9.328535e-01 -7.050878e-02 3.767619e-02 1.224353e-02 2.740798e-03
8.742534e+00 -1.972896e-01 5.152311e-02 1.840815e-02 -2.054855e-02 -7.868343e-02 3.386095e-03
6.314610e+00 -6.481057e-02 2.544419e-02 -5.777235e-03 -5.047966e-02 -1.285800e-01 1.167221e-03
8.441673e+00 -9.034356e-03 7.960823e-02 4.455461e-03 -1.360102e-01 -1.543515e-02 -7.939235e-03
1.113475e+00 6.637110e-02 -3.853553e-02 -1.009196e-02 7.035148e-02 1.211688e-01 -3.998750e-03
4.850698e+00 -3.673248e-01 1.237749e-01 -1.737433e-02 -1.780023e-02 -5.282546e-02 -5.807751e-03
9.499947e+00 -2.006664e-01 8.415902e-01 -1.108508e-01 -4.334183e-02 -1.033430e-02 1.813967e-03
5.398269e+00 -1.958542e-01 3.797753e-01 4.253988e-02 -5.596929e-02 -2.886397e-02 -3.536912e-03
6.804807e+00 -5.055369e-01 1.280481e-01 -8.996600e-03 -1.444102e-02 -5.701351e-02 2.906227e-03
9.867511e+00 -3.506602e-01 3.284900e-01 -5.788569e-02 -3.958058e-02 -4.225192e-02 -2.841589e-03
2.389443e+00 -2.888976e-01 4.419425e-01 2.768166e-02 -4.287895e-02 -2.802995e-02 -8.801965e-04
9.856414e+00 9.194229e-02 7.693390e-02 -3.416686e-03 -6.475073e-02 7.738241e-02 3.880127e-03
8.369313e+00 2.230913e-01 5.113979e-01 7.109356e-02 -4.337716e-02 1.892278e-02 -4.630211e-04
9.055235e+00 -6.237875e-02 -3.250549e-01 -1.677345e-02 7.329012e-02 -1.406454e-02 2.583850e-03
5.557403e+00 1.062149e-01 2.069453e-01 -1.146535e-02 -6.674864e-02 3.425881e-02 7.095765e-03
5.358266e+00 -2.493308e-01 3.035966e-01 -1.859256e-02 -5.128927e-02 -4.212167e-02 -1.949038e-04
4.376069e+00 -4.610968e-01 -5.761799e-01 -3.146986e-03 3.415221e-02 -2.733082e-02 -1.099940e-03
4.782858e+00 1.625583e-02 -6.915601e-02 -6.032581e-03 1.418534e-01 3.334410e-02 -7.845056e-03
2.164272e+00 4.144233e-01 -5.115140e-02 -2.979055e-02 7.407832e-03 6.001748e-02 -1.983934e-03
8.573821e+00 4.160028e-01 -3.316752e-01 2.871310e-02 3.310742e-02 4.152490e-02 -4.496327e-04
2.761657e+00 2.240119e-01 -6.145531e-02 2.702277e-02 1.944307e-02 7.087229e-02 -1.772403e-03
3.080185e+00 7.864644e-02 -1.955785e-01 -5.385372e-03 7.156487e-02 2.877781e-02 -1.702678e-03
9.390668e-01 6.096311e-01 -4.881607e-02 8.020090e-02 3.991185e-03 4.984322e-02 4.966627e-04
7.061054e+00 3.562200e-03 2.778068e-02 -2.308446e-03 -2.216360e-01 2.841945e-02 1.331987e-02
7.429482e+00 1.381262e-01 -4.125203e-01 4.214402e-02 5.697788e-02 1.907818e-02 -2.104305e-03
9.878685e+00 -4.169205e-01 4.661888e-01 1.547856e-02 -3.796689e-02 -3.395443e-02 -4.000109e-03
4.106333e+00 -7.991322e-04 -7.170060e-01 3.345137e-02 4.203269e-02 -4.684713e-05 -4.000656e-03
5.637778e+00 -3.033821e-03 2.093084e-02 2.805941e-03 -2.403647e-01 -3.483966e-02 -1.993222e-02
5.898987e+00 6.361353e-01 4.209438e-01 2.891017e-02 -2.259716e-02 3.414910e-02 1.199152e-03
6.996177e+00 2.249922e-01 -2.596370e-01 4.933015e-02 4.271336e-02 3.701388e-02 4.591596e-04
8.116721e+00 5.876523e-01 1.203744e-01 -2.066573e-02 -9.859944e-03 4.813498e-02 9.402640e-04
6.970310e+00 -9.136493e-02 -2.825696e-01 4.557459e-02 7.449109e-02 -2.408566e-02 1.001650e-04
8.741077e+00 -3.214208e-01 4.642578e-01 -4.592163e-03 -3.699862e-02 -2.561535e-02 -6.491443e-04
7.254336e-01 -5.183375e-01 -8.098853e-01 9.971551e-02 3.400883e-02 -2.176611e-02 3.995480e-04
7.282220e+00 1.617133e-01 1.191653e-01 1.678078e-02 -5.567899e-02 7.555918e-02 9.774026e-05
3.054935e+00 -6.436273e-02 -2.155356e-01 6.512034e-03 7.068529e-02 -2.110788e-02 -6.335585e-04
7.010060e-01 -2.400423e-01 -4.363201e-01 -1.581449e-02 4.189947e-02 -2.305107e-02 1.276536e-03
2.088073e+00 -7.640871e-01 -5.697552e-01 3.241747e-02 2.222999e-02 -2.981218e-02 -2.569878e-03
9.609214e+00 -5.303618e-01 2.583454e-02 -1.742859e-02 -2.470617e-03 -5.071973e-02 -2.302136e-03
9.501360e+00 3.190254e-01 7.408987e-01 -8.072980e-02 -3.713576e-02 1.599038e-02 -4.931080e-03
8.633730e+00 -3.480547e-01 -6.650123e-01 7.093998e-02 4.273143e-02 -2.236482e-02 8.249423e-04
6.403886e+00 1.842295e-01 -7.819090e-01 -7.732168e-02 3.973578e-02 9.362347e-03 -2.442461e-03
1.177207e+00 8.402977e-01 -4.057968e-01 -5.350822e-02 1.587457e-02 3.287203e-02 8.933141e-04
6.660438e-01 1.297067e-02 5.037182e-02 3.306370e-03 -1.474456e-01 3.796703e-02 -5.368352e-03
9.898416e+00 5.226939e-01 1.097968e-01 -2.471310e-02 -9.967112e-03 4.744899e-02 -2.672190e-03
7.087579e+00 9.132367e-02 -2.222809e-01 1.630066e-02 7.699096e-02 3.163159e-02 4.334987e-03
7.364021e+00 -4.251085e-01 -4.080003e-01 -1.484631e-02 3.049000e-02 -3.176850e-02 3.361693e-03
7.016294e+00 5.572299e-01 2.598171e-01 -7.794751e-02 -2.289784e-02 4.910902e-02 1.709990e-03
9.182311e+00 7.750212e-01 5.393317e-01 -1.081297e-01 -2.465222e-02 3.542532e-02 1.840665e-03
1.850457e+00 5.062221e-01 7.831963e-01 1.484267e-01 -3.415347e-02 2.207524e-02 -4.374909e-05
7.760118e+00 4.131523e-01 -5.373150e-01 1.022478e-02 3.443978e-02 2.648144e-02 -5.676806e-03
4.027193e+00 -2.280803e-01 5.241102e-01 -7.970506e-03 -4.916351e-02 -2.139479e-02 -2.129897e-04
7.362216e+00 3.325919e-01 6.500776e-01 3.801544e-02 -3.672607e-02 1.878975e-02 -2.281575e-04
8.967339e+00 1.190986e-01 -6.342899e-01 -4.031043e-03 4.378782e-02 8.221900e-03 6.720478e-04
8.776715e+00 2.095820e-01 1.379883e-01 -7.368983e-02 -3.613161e-02 5.487808e-02 -5.572790e-03
3.153148e+00 4.784143e-01 -1.083885e-01 -2.192342e-02 1.346103e-02 5.941542e-02 1.381947e-03
4.277748e+00 7.650685e-01 -5.669268e-01 -1.685266e-01 2.324045e-02 3.136303e-02 2.865992e-04
4.678991e+00 -9.785261e-02 8.811253e-02 -4.670623e-03 -6.779212e-02 -7.528596e-02 -5.895535e-03
6.127021e+00 3.543941e-02 -1.213554e-01 2.890729e-02 1.046146e-01 3.055058e-02 -8.203234e-04
2.194737e+00 2.092105e-01 -2.338450e-01 3.596686e-03 5.663751e-02 5.067102e-02 3.822025e-03
1.919045e+00 3.532994e-01 7.323021e-02 -7.309160e-03 -1.371322e-02 6.615948e-02 1.702264e-03
6.753071e+00 -1.364148e-01 1.460495e-01 2.335959e-02 -5.626154e-02 -5.255004e-02 1.599521e-04
1.883621e+00 3.339167e-01 -8.386686e-02 6.833733e-02 1.516321e-02 6.037249e-02 3.463382e-03
7.157982e+00 3.312631e-03 3.993261e-01 -2.237735e-02 -6.210412e-02 5.151880e-04 -3.663476e-03
2.096585e+00 -1.129855e-01 -7.036986e-02 -1.411019e-02 5.934779e-02 -9.528855e-02 4.200704e-03
9.033851e+00 -2.954655e-01 -3.027448e-01 8.267637e-02 4.078465e-02 -3.980402e-02 -3.826671e-03
2.970676e+00 6.127113e-01 4.598733e-02 7.770256e-02 -3.493226e-03 4.654193e-02 4.194075e-03
2.985498e+00 3.684658e-01 -9.285735e-02 -3.791679e-02 1.420007e-02 5.634706e-02 4.708546e-03
8.250109e+00 -5.406163e-01 2.611273e-01 9.143288e-03 -2.226853e-02 -4.610293e-02 2.019647e-03
4.757755e+00 4.174164e-01 8.462417e-01 3.452551e-02 -3.927431e-02 1.937241e-02 -9.736603e-05
6.875340e+00 4.225832e-01 1.329473e-01 -3.216010e-02 -1.811112e-02 5.756759e-02 -5.350115e-04
6.277780e-01 -5.660083e-01 4.440721e-03 -3.535371e-03 -3.633756e-04 -4.631536e-02 1.349636e-03
