7.112791e+09 0.000000e+00 0.000000e+00 0.000000e+00 0.000000e+00 0.000000e+00 0.000000e+00
2.559532e+00 7.388483e-01 2.942076e-01 -1.311207e-01 -1.471148e-02 3.694517e-02 1.451864e-03
1.427227e+00 -5.931902e-02 -9.470718e-01 -8.113332e-02 3.730836e-02 -2.336777e-03 3.676489e-03
9.682269e+00 -2.168322e-01 9.652195e-01 -5.912139e-03 -4.053915e-02 -9.106935e-03 7.880743e-04
2.951462e+00 9.267614e-02 6.311182e-01 -6.075044e-02 -4.810088e-02 7.063342e-03 6.997625e-03
2.474361e+00 -3.922773e-01 -1.218455e-01 -2.176634e-02 1.543983e-02 -4.970799e-02 -3.994200e-03
5.849466e+00 -8.034339e-01 4.857218e-01 -6.199257e-02 -1.953525e-02 -3.231332e-02 6.516587e-04
7.007420e+00 4.147085e-02 7.636266e-03 1.452403e-03 -3.186327e-02 1.730423e-01 8.544486e-03
3.678207e+00 -7.032656e-02 -6.532154e-02 -1.615263e-02 8.651734e-02 -9.314642e-02 1.511493e-03
1.638626e+00 -4.777516e-01 2.568704e-01 1.241581e-01 -2.622094e-02 -4.876817e-02 -1.223297e-03
1.012877e+00 -5.244757e-01 -7.440700e-01 4.556674e-02 2.910960e-02 -2.051860e-02 1.730517e-03
