7.554068e+09 0.000000e+00 0.000000e+00 0.000000e+00 0.000000e+00 0.000000e+00 0.000000e+00
3.384786e+00 -5.211240e-01 -4.852402e-01 1.079985e-02 3.289676e-02 -3.532950e-02 2.175790e-03
3.767981e+00 1.637497e-01 -6.050555e-02 -2.713970e-02 3.317174e-02 8.977459e-02 -5.395059e-03
5.274624e+00 5.864472e-01 6.007234e-01 9.502587e-02 -3.424941e-02 3.343547e-02 -1.139044e-03
7.880112e+00 9.191023e-02 -1.065711e-01 4.645130e-03 7.688219e-02 6.630556e-02 4.033107e-03
1.048159e+00 5.685176e-01 8.673972e-03 6.555996e-02 -8.556373e-04 5.608099e-02 -6.000870e-03
8.436898e-01 1.436290e-01 7.641672e-01 -8.969709e-02 -4.076005e-02 7.661053e-03 5.258845e-03
4.330180e+00 2.688387e-01 1.645990e-02 2.277134e-02 -5.064210e-03 8.271348e-02 3.818312e-03
8.136602e-01 -2.606820e-02 1.692824e-02 -3.152613e-04 -1.359112e-01 -2.092928e-01 -4.589178e-03
9.485062e+00 -1.552528e-01 8.854962e-01 -7.781198e-02 -3.685145e-02 -6.461112e-03 2.323363e-04
4.643457e+00 8.103104e-02 2.145100e-02 5.727664e-03 -3.526979e-02 1.332314e-01 1.134103e-02
3.403276e+00 -3.053709e-01 8.362416e-01 7.620658e-02 -4.287689e-02 -1.565738e-02 -1.016794e-03
1.385637e+00 -3.231009e-03 7.468675e-03 -1.524497e-03 -4.410441e-01 -1.907992e-01 1.356736e-02
4.714677e+00 4.489992e-02 -4.390249e-01 -4.171587e-02 5.295897e-02 5.416216e-03 7.322382e-04
8.059144e+00 -4.598841e-02 1.006890e-01 -9.452051e-03 -1.091199e-01 -4.983908e-02 2.292249e-03
9.463827e+00 -3.655593e-02 7.395543e-01 -2.325908e-02 -4.170992e-02 -2.061708e-03 7.404766e-04
7.402749e+00 -1.414887e-01 -1.402913e-01 1.302581e-03 6.330366e-02 -6.384397e-02 -1.938839e-03
3.634936e+00 7.138544e-01 2.979401e-01 6.942517e-02 -1.515291e-02 3.630586e-02 3.926247e-03
7.550067e-01 -1.819191e-01 -3.365101e-01 5.055005e-02 6.312633e-02 -3.412642e-02 2.807014e-03
3.245608e+00 -2.170352e-03 -7.859255e-02 -2.167684e-03 1.468477e-01 -4.055234e-03 5.230198e-03
3.300046e+00 1.600595e-01 5.496460e-01 -2.574647e-02 -4.864504e-02 1.416567e-02 7.588828e-04
9.253187e-01 -9.323636e-01 6.399896e-02 1.878328e-01 -2.450449e-03 -3.569916e-02 1.976782e-03
4.567481e+00 8.040600e-01 -4.374721e-01 1.682842e-01 1.831912e-02 3.366998e-02 -7.101240e-04
6.305526e+00 -3.255921e-01 -5.501737e-02 1.516050e-02 1.084649e-02 -6.418938e-02 -3.371308e-03
7.188182e+00 -1.172722e-01 -1.705733e-01 -2.191891e-02 7.577710e-02 -5.209811e-02 -4.487334e-03
9.552400e+00 -2.409461e-01 3.854536e-01 -2.324696e-02 -5.217573e-02 -3.261493e-02 -2.758711e-03
9.480016e+00 2.894601e-01 4.907788e-02 3.078927e-02 -1.249059e-02 7.366920e-02 1.270631e-03
6.854749e+00 5.925562e-02 4.917756e-02 -1.215306e-02 -9.308819e-02 1.121649e-01 -4.798884e-03
6.332004e+00 -2.643533e-01 2.293281e-01 1.994742e-02 -4.392061e-02 -5.062858e-02 3.117136e-03
2.723665e+00 6.369230e-01 -4.924966e-01 -5.982341e-02 2.784004e-02 3.600423e-02 1.364791e-03
6.918891e+00 -1.735879e-01 5.987904e-01 -6.627192e-03 -4.559216e-02 -1.321706e-02 -3.480151e-03
7.418125e+00 1.790531e-01 -7.181944e-01 5.460518e-02 5.034039e-02 1.255037e-02 -2.615008e-03
9.648883e+00 -4.895584e-02 6.274967e-02 1.307492e-03 -1.193376e-01 -9.310444e-02 3.904506e-03
3.468280e+00 -8.307577e-02 -4.338723e-01 6.871179e-02 5.573860e-02 -1.067256e-02 -2.106476e-03
1.127668e+00 -2.822465e-01 -1.305688e-01 2.043430e-02 3.114331e-02 -6.732151e-02 1.295025e-04
3.039763e+00 -1.577319e-02 -5.847899e-03 6.799353e-04 1.032877e-01 -2.785918e-01 4.701772e-03
5.306352e+00 -4.629730e-02 -3.408820e-02 -2.311923e-04 9.644063e-02 -1.309820e-01 -7.692750e-04
8.777019e+00 -6.486825e-03 -7.017752e-04 -6.472709e-04 5.721141e-02 -5.288308e-01 -1.365142e-02
4.096177e+00 -4.880672e-02 -8.606465e-01 -1.602468e-01 3.800915e-02 -2.155475e-03 1.714319e-03
1.844578e+00 -7.962822e-01 -5.180355e-01 2.527833e-02 2.277161e-02 -3.500267e-02 -1.439635e-03
2.748535e+00 1.397638e-01 3.413932e-01 8.220175e-03 -5.968179e-02 2.443328e-02 -1.918304e-03
1.927958e+00 9.561013e-01 -1.167542e-01 6.548182e-02 4.588364e-03 3.757415e-02 2.996943e-03
7.534960e+00 5.044028e-01 7.844135e-01 -1.558703e-01 -3.709328e-02 2.385216e-02 2.778921e-03
6.736824e+00 -1.070674e-01 -3.728762e-02 -1.109553e-02 3.417983e-02 -9.814371e-02 1.001272e-02
2.585231e+00 6.334369e-01 -3.558428e-01 4.118796e-03 2.194346e-02 3.906161e-02 -9.312114e-04
4.982406e+00 9.208773e-01 1.532649e-01 -1.180494e-02 -5.876330e-03 3.530735e-02 -1.681350e-03
2.560561e+00 -1.173406e-01 -1.116187e-01 -2.700999e-03 6.951308e-02 -7.307653e-02 -3.046038e-03
3.387989e+00 7.877387e-01 -6.135889e-01 -2.243520e-02 2.556583e-02 3.282197e-02 7.374315e-04
8.855222e+00 7.150127e-02 -8.740827e-02 1.162811e-02 9.753027e-02 7.978122e-02 -4.991161e-04
7.678318e+00 -1.503357e-01 -1.691037e-01 -8.232689e-03 6.348229e-02 -5.643667e-02 -2.107890e-04
1.580331e+00 -5.048178e-01 -2.227694e-01 8.091179e-02 2.146826e-02 -4.864923e-02 3.833670e-04
9.801433e+00 1.886678e-01 1.725806e-02 -1.130921e-02 -8.853332e-03 9.678598e-02 1.039660e-02
2.241206e+00 -8.919632e-01 -4.480800e-01 -4.419753e-02 1.605937e-02 -3.196833e-02 -1.806667e-03
1.816754e+00 -3.013646e-01 -2.914456e-01 -3.938025e-02 4.271984e-02 -4.417377e-02 -3.973766e-04
7.955728e+00 8.048545e-01 2.369015e-03 9.879233e-02 -1.196661e-04 4.065561e-02 2.534910e-03
5.246129e-01 2.452071e-01 6.438634e-01 -3.220471e-02 -4.705201e-02 1.791915e-02 1.344903e-03
7.575680e+00 1.076014e-01 -4.053686e-01 -8.110801e-02 5.886325e-02 1.562472e-02 -3.039886e-03
5.772465e+00 9.452822e-01 -2.917010e-01 -8.702358e-02 1.216719e-02 3.942883e-02 -3.048454e-03
7.294969e+00 -1.738900e-01 2.938396e-01 1.864033e-02 -5.165172e-02 -3.056673e-02 2.383133e-03
3.948113e+00 1.201836e-02 -2.641489e-03 2.178916e-03 7.388901e-02 3.361834e-01 1.463442e-03
9.174074e+00 -2.413266e-01 -7.354216e-01 2.825314e-02 4.477656e-02 -1.469330e-02 -1.257913e-03
5.699981e-01 -3.934605e-03 -6.638334e-02 -3.926026e-04 1.611222e-01 -9.549869e-03 5.036933e-03
7.883404e+00 6.093586e-01 -5.860332e-01 -1.112777e-01 2.613722e-02 2.717754e-02 3.786890e-03
8.279714e+00 4.624188e-01 -9.349035e-03 -1.601339e-02 1.027286e-03 5.081125e-02 8.057240e-06
1.819066e+00 3.049309e-02 -6.249766e-01 5.777743e-03 5.559818e-02 2.712678e-03 1.027342e-03
6.398543e+00 8.734327e-03 -8.215318e-01 -1.300875e-01 4.370507e-02 4.646617e-04 1.751628e-03
4.007944e+00 -4.382306e-01 7.229762e-02 5.844335e-02 -8.362325e-03 -5.068807e-02 -1.061926e-04
3.463966e+00 8.173726e-01 2.686156e-02 -3.375204e-02 -1.292513e-03 3.932997e-02 -1.203203e-03
7.157523e+00 2.735529e-01 5.876700e-01 -2.289799e-02 -4.412861e-02 2.054130e-02 -3.300524e-03
9.869642e+00 -3.195810e-02 -1.500930e-01 -2.923011e-02 9.779334e-02 -2.082235e-02 8.532932e-03
1.925544e+00 2.977408e-01 -5.753644e-01 1.165336e-02 4.391451e-02 2.272498e-02 -2.316433e-03
1.930802e+00 5.498921e-01 9.433484e-02 -2.311028e-03 -9.854970e-03 5.744612e-02 -1.661874e-03
5.323303e+00 -1.795879e-01 7.454208e-02 2.152912e-03 -3.543083e-02 -8.536047e-02 2.518022e-03
2.838023e+00 4.540667e-01 6.255704e-02 5.502551e-02 -7.337647e-03 5.325990e-02 -4.617735e-04
8.220253e+00 -2.747513e-01 -3.277640e-01 -3.339704e-02 4.591182e-02 -3.848602e-02 -6.278560e-03
7.803247e+00 -5.358467e-03 1.606858e-02 -1.493784e-03 -2.530478e-01 -8.438508e-02 2.616987e-03
3.274878e+00 3.800071e-01 -4.191683e-01 4.830572e-02 3.885305e-02 3.522316e-02 -1.598851e-03
3.943782e+00 -2.041869e-01 7.156187e-01 -6.667750e-02 -4.094307e-02 -1.168225e-02 -1.642435e-03
5.303963e+00 5.472199e-01 8.508105e-02 -2.704560e-03 -7.733722e-03 4.974136e-02 1.144800e-03
6.589902e+00 6.294889e-01 -2.892522e-02 7.241953e-02 2.242216e-03 4.879653e-02 4.257783e-03
9.578587e+00 -9.457879e-01 3.096922e-01 9.483670e-02 -1.154036e-02 -3.524379e-02 -9.856692e-04
8.360545e+00 -2.498195e-01 -4.859809e-01 1.552571e-02 4.913837e-02 -2.525968e-02 -6.589534e-03
9.322041e+00 -9.833465e-01 -8.478638e-02 1.424504e-02 3.615773e-03 -4.193548e-02 9.742727e-04
2.572169e+00 -1.562975e-01 4.343594e-02 1.740685e-02 -2.586485e-02 -9.307064e-02 1.946572e-03
7.607592e+00 -3.515115e-01 2.651849e-01 8.080598e-02 -3.552688e-02 -4.709208e-02 3.144169e-03
7.415213e+00 -1.427443e-02 3.318224e-01 -2.552136e-02 -7.117271e-02 -3.061728e-03 -1.264564e-03
7.074319e+00 7.182339e-02 -1.279925e-01 1.706742e-02 8.479094e-02 4.758070e-02 5.958772e-03
4.563796e+00 -1.083139e-02 8.827417e-02 1.371210e-02 -1.152156e-01 -1.413714e-02 2.800195e-03
9.306228e+00 6.784336e-01 -2.605306e-01 -2.038720e-02 1.830317e-02 4.766229e-02 1.333356e-03
9.504478e+00 -6.009552e-01 5.386769e-01 8.997599e-02 -2.694783e-02 -3.006336e-02 3.101600e-03
8.505684e+00 -1.852211e-01 8.654681e-01 9.687629e-03 -4.252057e-02 -9.099936e-03 -1.337388e-03
1.384493e+00 -6.469392e-01 -3.329085e-01 6.722293e-02 1.863099e-02 -3.620549e-02 -3.280026e-03
8.568991e+00 -6.560966e-01 -2.312364e-01 -3.724172e-02 1.716128e-02 -4.869240e-02 -7.373185e-04
4.802879e+00 -6.835537e-01 6.986607e-01 -1.341380e-01 -3.176353e-02 -3.107671e-02 -1.804925e-03
6.613815e+00 3.669204e-01 1.672962e-01 -3.721743e-02 -2.468921e-02 5.414931e-02 -8.958446e-04
5.118529e+00 3.187792e-02 -9.824395e-02 -1.756472e-02 1.310546e-01 4.252422e-02 -3.774986e-03
5.386121e+00 1.182087e-01 4.710676e-01 9.828318e-03 -5.616184e-02 1.409313e-02 8.508687e-05
8.664532e+00 -6.976660e-01 -2.046166e-01 -1.276673e-02 1.343267e-02 -4.580038e-02 -2.820230e-04
6.009444e+00 1.360928e-01 1.585731e-01 -3.090354e-03 -6.006757e-02 5.155204e-02 -5.495092e-03
4.795362e+00 -1.094076e-01 -4.059272e-02 -2.726501e-02 3.914090e-02 -1.054946e-01 5.485083e-03
8.964898e+00 -5.710954e-01 -1.826005e-01 1.087171e-01 1.629701e-02 -5.097001e-02 -1.124330e-03
