6.797832e+07 0.000000e+00 0.000000e+00 0.000000e+00 0.000000e+00 0.000000e+00 0.000000e+00
5.723836e+00 1.678855e-03 3.153887e-03 1.430678e-04 -4.867561e-02 2.591066e-02 4.974478e-03
3.239443e+00 5.330949e-02 -3.587345e-02 -8.390777e-03 8.897299e-03 1.322177e-02 4.569170e-04
9.947850e+00 5.170306e-02 4.780484e-01 4.762089e-02 -5.417218e-03 5.858963e-04 -3.639440e-04
5.154149e+00 -8.138719e-01 -2.768039e-01 6.795189e-02 1.325225e-03 -3.896490e-03 1.628915e-04
7.922036e-01 -2.497216e-01 -9.131426e-01 1.248563e-02 3.804064e-03 -1.040316e-03 2.215835e-04
9.427812e-01 -2.783825e-01 5.075716e-01 -9.493072e-03 -4.510261e-03 -2.473695e-03 2.171293e-04
8.948574e+00 1.317187e-01 3.685236e-01 1.762641e-02 -6.045481e-03 2.160792e-03 -1.628912e-05
8.279474e-01 6.263584e-02 -1.337230e-01 1.448838e-02 9.251389e-03 4.333349e-03 -3.823300e-04
4.078721e+00 -3.110268e-01 -5.333817e-01 2.323029e-02 3.614026e-03 -2.107419e-03 3.381256e-04
6.123027e+00 -8.560388e-03 2.187972e-01 -5.959550e-03 -8.372007e-03 -3.275527e-04 -1.368621e-04
1.015638e+00 -4.044332e-02 1.354755e-03 5.072681e-03 -6.978989e-04 -2.083428e-02 -2.680601e-04
5.830410e+00 2.713137e-01 1.033026e-02 -1.485515e-02 -2.851084e-04 7.488078e-03 -1.420875e-04
1.271416e+00 5.874159e-01 3.517661e-01 4.486673e-02 -2.563856e-03 4.281397e-03 -7.578516e-06
2.048927e+00 3.206173e-01 -9.482812e-03 -5.646495e-02 2.077767e-04 7.025006e-03 2.240726e-05
2.464631e+00 5.445656e-01 4.433681e-01 -1.357858e-02 -2.653307e-03 3.258917e-03 1.017193e-04
9.045675e+00 3.864053e-02 -2.514217e-01 4.153076e-02 8.113414e-03 1.246936e-03 6.046580e-04
4.165373e+00 -3.946070e-02 -2.623507e-02 5.134398e-03 9.655355e-03 -1.452281e-02 -2.354972e-03
7.906625e+00 -3.598123e-01 4.213803e-01 -3.093670e-03 -3.756407e-03 -3.207556e-03 -1.153894e-04
4.715454e+00 -9.705710e-01 6.522098e-02 -5.147034e-02 -2.299737e-04 -3.422300e-03 2.141991e-05
9.569124e+00 2.592639e-01 -2.457310e-01 2.973960e-02 4.819598e-03 5.085024e-03 1.351164e-04
5.426528e+00 7.756571e-01 5.053534e-01 1.097314e-02 -2.150260e-03 3.300393e-03 -1.792228e-04
8.327451e+00 5.653929e-02 -3.688515e-01 8.963635e-03 6.457116e-03 9.897771e-04 1.927438e-05
8.473577e+00 -2.173664e-01 1.632815e-01 -2.679383e-02 -4.598899e-03 -6.122223e-03 -1.321246e-04
2.871449e+00 -9.568625e-02 -1.582509e-01 7.043157e-03 6.674313e-03 -4.035617e-03 3.618953e-04
6.475915e+00 2.804610e-02 7.901074e-02 6.083797e-04 -1.257559e-02 4.463902e-03 -1.648615e-03
4.248547e+00 3.583626e-03 3.263699e-02 -2.792163e-06 -2.087345e-02 2.291958e-03 2.945440e-04
6.452426e+00 3.656118e-01 -1.113152e-03 -9.395252e-03 1.794142e-05 5.892814e-03 -1.581026e-04
5.656700e+00 -5.839017e-02 -5.380853e-02 8.074190e-03 9.861557e-03 -1.070124e-02 5.055114e-07
1.814488e+00 -6.446536e-01 -1.061732e-01 1.224274e-01 6.868799e-04 -4.170541e-03 -8.283489e-05
6.108888e+00 -5.768409e-01 -4.397408e-01 9.491659e-02 2.584407e-03 -3.390160e-03 -6.932431e-06
8.842194e+00 2.515224e-01 2.320880e-01 1.229196e-02 -4.714739e-03 5.109539e-03 2.189871e-04
2.919085e+00 2.817605e-01 -6.986463e-01 -5.891587e-02 4.117639e-03 1.660623e-03 -2.240870e-04
7.455229e+00 1.730018e-01 -9.735433e-03 1.045278e-02 5.147564e-04 9.147387e-03 -7.486509e-04
8.689239e+00 -1.354368e-01 -1.437437e-01 2.412089e-02 6.339639e-03 -5.973271e-03 1.640577e-04
6.871161e+00 -7.797436e-02 9.589643e-01 3.588350e-02 -3.565713e-03 -2.899317e-04 2.169509e-04
6.611671e+00 -4.436344e-02 -4.321353e-01 -1.850162e-02 5.697778e-03 -5.849395e-04 -6.667973e-05
6.316458e+00 2.370522e-01 7.759801e-02 -1.972303e-02 -2.239621e-03 6.841763e-03 -2.812942e-04
4.322034e+00 3.597761e-03 -1.213276e-03 -5.242707e-04 1.689116e-02 5.008784e-02 3.267504e-04
9.196686e+00 1.296116e-01 -7.163992e-01 4.303979e-02 4.279155e-03 7.741888e-04 2.585492e-04
7.490002e+00 9.807009e-01 9.022942e-02 -6.050966e-02 -3.738431e-04 4.063289e-03 -1.460301e-04
9.299981e+00 -5.291223e-01 -2.611582e-01 7.593479e-02 2.268183e-03 -4.595475e-03 -1.960122e-04
3.835180e+00 -3.650832e-01 -2.381315e-01 2.995937e-02 2.782482e-03 -4.265867e-03 -2.105651e-04
7.470251e+00 8.810530e-01 -3.073300e-01 6.035314e-02 1.320404e-03 3.785331e-03 3.020408e-05
5.079141e+00 4.525348e-02 5.163497e-01 4.694329e-02 -5.010563e-03 4.391315e-04 1.405201e-04
8.996340e+00 -2.935585e-01 -1.277616e-01 -4.339710e-03 2.440743e-03 -5.608110e-03 4.333528e-04
3.074537e+00 4.723190e-01 -7.524906e-01 -1.763559e-02 3.606859e-03 2.263932e-03 4.846662e-04
8.521455e+00 2.043418e-01 2.193623e-01 8.292268e-03 -5.275681e-03 4.914436e-03 5.136600e-04
8.254051e+00 5.101904e-01 -6.725086e-01 1.163686e-01 2.965910e-03 2.250051e-03 4.936358e-06
7.629821e+00 -2.668811e-02 -5.520111e-01 7.896095e-03 4.678834e-03 -2.262079e-04 -2.822305e-04
3.460387e+00 6.420735e-01 -5.653834e-02 2.195068e-05 4.333169e-04 4.920931e-03 4.246115e-04
8.034527e+00 -3.132812e-01 -2.870131e-01 -8.280009e-02 3.552039e-03 -3.877130e-03 1.304870e-04
1.009623e+00 2.713182e-01 -3.785387e-02 1.907124e-02 1.065423e-03 7.636435e-03 5.229894e-04
6.856304e-01 1.274200e-03 -2.301973e-01 6.293475e-03 8.515946e-03 4.713788e-05 1.224448e-06
1.136381e+00 -3.391557e-01 7.297759e-01 1.008411e-01 -3.665655e-03 -1.703574e-03 -9.379433e-05
3.749708e+00 -1.930226e-01 2.892177e-02 3.438901e-02 -1.400016e-03 -9.343641e-03 -1.663581e-04
5.691126e+00 -4.507721e-02 6.603743e-01 -4.069673e-02 -4.922299e-03 -3.359966e-04 4.363204e-05
6.995605e+00 -6.115693e-01 -6.033607e-01 -4.172384e-02 2.871847e-03 -2.910918e-03 8.122003e-05
4.115665e+00 6.918504e-01 4.203197e-01 -4.711241e-02 -1.938270e-03 3.190412e-03 -1.138383e-04
7.186788e+00 1.916076e-01 8.244724e-01 -1.453728e-01 -4.052699e-03 9.418483e-04 1.626830e-04
4.142483e+00 -2.378265e-01 -3.054926e-01 -4.546442e-02 5.028394e-03 -3.914613e-03 -5.473540e-04
7.508700e+00 1.371088e-01 3.712482e-03 -7.723925e-03 -2.497418e-04 9.223423e-03 9.812220e-04
6.439158e+00 3.098298e-01 -4.212059e-01 3.174555e-02 3.879104e-03 2.853383e-03 2.074694e-05
1.405448e+00 -7.299601e-01 -2.292629e-01 1.467909e-02 1.306543e-03 -4.159959e-03 1.387277e-04
9.951567e+00 -1.355540e-01 -7.257013e-01 6.332200e-02 3.997627e-03 -7.467183e-04 -6.036200e-05
3.621895e+00 -7.627853e-01 -9.618721e-02 6.088739e-02 5.508806e-04 -4.368602e-03 2.904947e-04
9.951728e+00 -4.621060e-01 5.111535e-01 7.653980e-02 -3.141318e-03 -2.839895e-03 2.183862e-04
6.893990e+00 1.259626e-01 -2.943194e-01 -1.812081e-02 6.694218e-03 2.864985e-03 1.525059e-04
7.706352e+00 5.007616e-01 1.773359e-01 -2.047923e-02 -1.541134e-03 4.351859e-03 -5.152120e-04
7.484082e+00 3.243183e-01 1.926260e-01 8.308957e-04 -3.077504e-03 5.181495e-03 -3.347448e-04
3.766483e+00 1.163063e-01 -1.162042e-01 -2.307252e-02 6.790594e-03 6.796560e-03 8.165813e-05
6.175905e+00 -2.432834e-01 4.274900e-02 -8.443165e-03 -1.381348e-03 -7.861212e-03 -2.300492e-04
1.203171e+00 9.616723e-01 3.046022e-02 9.961421e-03 -1.301261e-04 4.108266e-03 1.512032e-04
7.316170e+00 6.367697e-01 6.173499e-01 -3.378831e-02 -2.478581e-03 2.556549e-03 -3.378725e-04
5.838231e+00 4.986799e-01 4.830328e-01 -6.504995e-02 -3.417174e-03 3.527868e-03 7.341358e-05
2.797413e+00 -5.297649e-01 5.022371e-01 -1.808234e-01 -2.838735e-03 -2.994327e-03 -3.876678e-04
9.234053e+00 5.516245e-02 4.786779e-01 5.023393e-02 -5.429401e-03 6.256798e-04 -4.210174e-04
7.903729e+00 -2.885565e-01 -4.772261e-01 -1.616520e-02 4.453427e-03 -2.692781e-03 2.049371e-05
9.240636e+00 -2.850040e-02 3.673106e-01 -2.256634e-02 -6.094876e-03 -4.729142e-04 2.321192e-04
2.106653e+00 -6.074843e-01 3.099882e-01 -5.879042e-02 -1.998775e-03 -3.917001e-03 4.870307e-05
5.669697e+00 -2.705029e-01 -4.990454e-01 1.694759e-02 4.687491e-03 -2.540811e-03 -1.683512e-04
3.722531e+00 2.615121e-02 2.322260e-01 -3.352360e-03 -7.810298e-03 8.795254e-04 3.598189e-05
4.052397e+00 -8.349475e-01 -3.626286e-01 4.092138e-02 1.435315e-03 -3.304793e-03 1.749425e-04
4.393278e+00 6.366540e-01 3.824330e-01 1.279399e-01 -1.964491e-03 3.270379e-03 2.373300e-04
9.922614e+00 -1.286294e-01 -1.167228e-01 2.432287e-02 5.655234e-03 -6.232110e-03 3.210700e-04
1.302692e+00 -2.419617e-01 -4.588429e-01 1.030005e-01 4.035052e-03 -2.127804e-03 5.198765e-04
3.579590e+00 -5.506832e-01 1.621159e-01 -1.416030e-01 -1.400296e-03 -4.756593e-03 -2.082701e-05
1.306912e+00 -3.528707e-01 4.503204e-01 6.324463e-02 -3.626720e-03 -2.841895e-03 -2.002549e-05
9.273175e+00 1.497566e-01 -1.360595e-01 -7.830930e-03 5.711361e-03 6.286327e-03 7.609133e-05
3.583893e+00 -8.342472e-01 -3.656836e-01 7.379492e-02 1.673594e-03 -3.818031e-03 1.300472e-04
2.122823e+00 7.086850e-01 3.196605e-02 -1.607805e-02 -1.748713e-04 3.876885e-03 -1.044164e-04
6.213516e+00 7.795553e-01 5.380745e-01 1.251762e-01 -2.213712e-03 3.207197e-03 -1.082855e-04
4.940792e+00 -6.562288e-02 8.990763e-02 6.091146e-03 -8.822147e-03 -6.439217e-03 3.458973e-04
4.765870e+00 -2.605085e-01 6.507229e-02 -4.105728e-02 -1.686794e-03 -6.752865e-03 7.286212e-05
7.831209e+00 4.141897e-01 -6.454792e-01 7.910501e-03 3.569496e-03 2.290467e-03 2.711816e-05
6.601088e+00 -4.676143e-01 -3.239194e-01 8.302097e-02 3.102365e-03 -4.478616e-03 2.675950e-05
8.521078e-01 -2.003624e-01 -1.897517e-01 -6.297617e-03 4.763209e-03 -5.029562e-03 4.176056e-04
2.865410e+00 -3.043959e-02 2.943200e-02 5.498671e-03 -1.141372e-02 -1.180446e-02 4.918759e-04
3.442246e+00 -5.895787e-01 7.265434e-01 8.409063e-02 -3.270191e-03 -2.653709e-03 7.620325e-05
9.655763e+00 5.823762e-01 2.440355e-01 1.015975e-01 -1.963571e-03 4.685945e-03 -3.308694e-05
3.982043e+00 -1.883643e-01 3.598433e-01 -2.583149e-03 -4.851505e-03 -2.539578e-03 -1.594249e-04
7.492945e+00 -3.979589e-01 2.595249e-01 -3.816855e-02 -2.744797e-03 -4.208908e-03 4.571490e-05
9.252581e-01 4.205190e-01 8.741084e-04 5.930132e-02 -1.184603e-05 5.698929e-03 -1.144937e-04
7.703915e+00 -7.472962e-03 -6.397173e-03 -1.216494e-03 2.562190e-02 -2.993064e-02 1.791280e-03
7.565015e+00 -4.883752e-01 -1.372803e-01 -1.336119e-02 1.524577e-03 -5.423688e-03 5.544748e-04
6.461524e+00 -4.777815e-03 2.354822e-02 3.530446e-03 -2.458465e-02 -4.988100e-03 -2.494641e-03
2.459581e+00 -6.467501e-01 6.333642e-01 2.063025e-02 -2.723803e-03 -2.781370e-03 -2.329815e-04
3.763478e+00 -3.255553e-02 6.324321e-04 7.523919e-05 -4.445261e-04 -2.288274e-02 8.661326e-04
6.765868e-01 4.652970e-01 2.508210e-02 -5.967613e-02 -2.618749e-04 4.858032e-03 2.253734e-04
9.421673e+00 -4.893050e-01 4.663170e-01 3.846767e-02 -3.097368e-03 -3.250058e-03 -9.829581e-06
6.259249e+00 7.853861e-01 3.733352e-01 -5.235883e-02 -1.510224e-03 3.177061e-03 -2.971604e-04
5.580123e-01 -1.021547e-02 -3.322419e-03 -1.070703e-03 1.053252e-02 -3.238441e-02 3.267433e-04
9.096265e-01 6.182255e-01 2.262423e-01 1.637268e-02 -1.620275e-03 4.427533e-03 2.594705e-05
6.064841e+00 -5.754758e-01 -3.000440e-01 4.247381e-02 2.309827e-03 -4.430181e-03 6.937696e-05
7.489142e-01 -2.184659e-01 -6.986629e-01 9.535447e-02 3.628343e-03 -1.134552e-03 -3.593223e-04
4.182111e+00 1.454858e-02 -7.973913e-03 -2.692793e-03 1.317487e-02 2.403783e-02 1.095947e-04
5.761549e+00 9.754693e-01 -1.986335e-01 1.056544e-01 7.205206e-04 3.538405e-03 -2.595294e-04
9.873537e+00 -2.105531e-02 5.210312e-02 7.175166e-03 -1.524155e-02 -6.159236e-03 5.385144e-05
3.293058e+00 4.356222e-01 -1.805717e-01 4.523944e-02 1.859659e-03 4.486355e-03 -1.501292e-04
8.874035e+00 -3.756757e-01 -7.851972e-01 -1.198451e-01 3.705004e-03 -1.772650e-03 2.509290e-04
7.655956e+00 -7.311728e-01 7.678366e-02 1.317857e-01 -4.621268e-04 -4.400605e-03 2.114490e-04
1.632824e+00 -6.632207e-02 4.332048e-01 -5.867650e-02 -5.843519e-03 -8.946213e-04 -4.778088e-05
5.874476e+00 1.963908e-01 4.006030e-01 -4.583197e-02 -5.046720e-03 2.474094e-03 -2.744763e-04
8.844463e+00 -7.654808e-01 -4.388946e-01 1.805579e-01 2.155548e-03 -3.759514e-03 2.501141e-04
7.039988e+00 2.538254e-01 -5.823888e-01 -2.899590e-02 4.763478e-03 2.076091e-03 1.702083e-04
3.623833e+00 -2.697911e-01 -4.360314e-01 -1.379387e-02 3.994467e-03 -2.471545e-03 -2.467786e-04
7.955091e+00 4.886302e-01 -2.849429e-01 3.409964e-02 2.483521e-03 4.258831e-03 -1.614330e-04
2.470124e+00 -4.125593e-03 5.476171e-01 7.266128e-02 -4.581247e-03 -3.451382e-05 -4.100157e-04
8.253977e+00 -1.451868e-01 8.050964e-01 6.744055e-02 -4.538730e-03 -8.184901e-04 -6.043916e-05
2.354178e+00 3.175972e-01 -1.279164e-01 -9.998361e-03 2.408642e-03 5.980296e-03 -3.118620e-04
1.733473e+00 2.498841e-01 2.029973e-01 2.358798e-02 -3.629399e-03 4.467691e-03 -2.970252e-04
5.400205e+00 -2.435452e-01 8.003212e-01 -8.612908e-02 -4.367489e-03 -1.329067e-03 7.948476e-05
3.416630e+00 2.025403e-01 7.215123e-01 7.938901e-02 -3.922751e-03 1.101180e-03 4.136738e-04
5.737382e+00 1.262997e-01 8.752813e-02 5.149161e-03 -5.847188e-03 8.437264e-03 9.059646e-04
1.763902e+00 -2.690659e-01 -2.854077e-02 2.812521e-02 7.287219e-04 -6.869968e-03 -9.464778e-05
4.520631e+00 -2.316771e-01 -9.559815e-02 1.594025e-02 2.512619e-03 -6.089200e-03 3.090041e-04
1.511798e+00 5.580449e-01 6.078421e-01 9.438285e-03 -3.337120e-03 3.063728e-03 -1.975787e-04
4.638964e+00 4.504784e-01 -2.013439e-01 -7.472372e-02 2.273791e-03 5.087285e-03 2.085165e-04
6.555504e+00 -2.261543e-01 4.037343e-01 2.583751e-02 -4.393066e-03 -2.460804e-03 5.562071e-04
5.139531e+00 2.081288e-01 8.259331e-02 4.381432e-02 -2.770626e-03 6.981764e-03 -1.302258e-04
2.859157e+00 7.043895e-01 1.267655e-02 8.387726e-02 -7.571357e-05 4.207124e-03 -2.124438e-04
7.352562e+00 8.441340e-01 1.558827e-01 8.666533e-02 -7.724870e-04 4.183163e-03 2.673147e-04
4.913827e+00 -6.553432e-01 1.170338e-01 -4.278972e-02 -7.019649e-04 -3.930729e-03 -1.734013e-04
9.175238e+00 1.112811e-01 -1.690562e-01 1.335737e-02 6.442420e-03 4.240719e-03 -4.306761e-04
9.504766e+00 6.834270e-02 1.428977e-02 9.136214e-03 -3.127807e-03 1.495915e-02 2.605589e-04
2.724968e+00 1.077353e-01 5.774273e-02 3.300071e-04 -4.908541e-03 9.158265e-03 -2.790466e-04
2.620863e+00 7.236156e-02 -1.622027e-02 1.584928e-02 3.072892e-03 1.370873e-02 -1.198005e-03
3.948399e+00 8.500404e-02 2.274792e-01 9.058658e-03 -7.658708e-03 2.861893e-03 -1.786017e-04
2.384579e+00 1.734378e-02 -5.548037e-01 -1.135109e-02 5.059343e-03 1.581607e-04 9.386691e-05
3.895950e+00 6.290620e-03 2.313414e-01 1.092502e-02 -8.529394e-03 2.319307e-04 4.985970e-06
3.036330e+00 1.313230e-01 8.687487e-03 -2.604827e-03 -7.686038e-04 1.161848e-02 -9.306331e-04
1.576109e+00 2.612037e-01 -2.281103e-01 6.643213e-03 3.656597e-03 4.187081e-03 -1.594257e-04
5.445750e+00 -4.802022e-01 -5.767255e-01 3.218013e-03 3.585645e-03 -2.985536e-03 -6.469619e-05
9.462167e-01 -9.100134e-01 2.441124e-02 1.241963e-01 -1.170421e-04 -4.363147e-03 -2.586872e-05
2.372648e+00 3.382087e-01 1.978637e-01 1.560246e-02 -2.937149e-03 5.020473e-03 -1.061421e-04
4.061078e+00 2.551001e-01 1.840882e-01 -4.117350e-02 -4.152185e-03 5.753889e-03 1.486094e-04
5.910867e+00 -9.933605e-01 -3.048395e-02 -3.002032e-01 1.082051e-04 -3.526010e-03 9.303942e-06
3.272790e+00 -1.867716e-01 -6.895265e-01 4.241618e-03 4.090508e-03 -1.107993e-03 9.022015e-05
8.215533e+00 9.707342e-02 4.093159e-02 -8.277239e-04 -4.967467e-03 1.178085e-02 -3.316541e-06
6.367925e+00 -2.812283e-01 -4.473950e-01 7.383388e-02 4.251482e-03 -2.672442e-03 1.574957e-04
7.667761e+00 6.543178e-01 -3.102532e-01 -1.166002e-03 1.639798e-03 3.458301e-03 9.480095e-05
4.517650e+00 -5.948272e-02 1.388465e-01 -6.402994e-03 -8.534782e-03 -3.656355e-03 -7.407673e-05
4.470643e+00 -8.827914e-01 2.578373e-01 -7.030641e-02 -1.133143e-03 -3.879689e-03 6.224720e-06
6.062283e+00 4.260187e-01 5.242392e-01 -1.291600e-01 -3.745711e-03 3.043921e-03 -5.872597e-04
6.287275e+00 -6.882755e-01 -6.128546e-01 1.175535e-02 2.758141e-03 -3.097571e-03 -6.721507e-05
7.988904e+00 6.942241e-02 2.276263e-01 -1.472466e-02 -7.592082e-03 2.315465e-03 1.241987e-04
4.248937e+00 1.345254e-01 3.214813e-02 -3.103973e-03 -2.122618e-03 8.882197e-03 5.807026e-04
8.628244e-01 2.416823e-01 8.809196e-01 5.008624e-02 -3.633855e-03 9.969563e-04 2.638774e-04
3.079762e+00 -4.949974e-01 -3.691436e-01 6.513498e-02 2.711144e-03 -3.635467e-03 2.735694e-04
5.280377e+00 1.400467e-01 -9.183138e-02 -5.501237e-03 5.524829e-03 8.425599e-03 -1.877380e-04
2.286990e+00 -2.159610e-01 1.187514e-01 3.332631e-02 -3.984657e-03 -7.246490e-03 -3.359218e-04
6.658695e+00 -2.028523e-01 -1.615065e-02 1.004826e-02 6.016167e-04 -7.556313e-03 -2.613335e-04
8.301810e+00 -5.825104e-01 -4.004803e-01 1.612194e-02 2.308909e-03 -3.358376e-03 6.933031e-05
8.104424e+00 -3.098316e-02 2.680243e-01 -2.445074e-02 -6.573408e-03 -7.598749e-04 -4.311115e-04
1.874800e+00 -2.292212e-01 -1.513899e-03 5.134060e-03 5.237410e-05 -7.930025e-03 1.912159e-04
9.711122e+00 -5.782115e-01 -6.182698e-01 -3.009558e-02 3.304481e-03 -3.090381e-03 -1.855641e-05
4.992757e+00 -1.478317e-01 -4.977836e-01 1.764326e-02 5.630784e-03 -1.672229e-03 1.967999e-05
5.495827e+00 -1.775360e-02 1.787293e-02 4.963465e-04 -1.575723e-02 -1.565203e-02 -1.286324e-04
8.982811e+00 4.731218e-02 -4.090827e-01 -6.152469e-03 6.422232e-03 7.427589e-04 -3.463789e-04
6.424256e+00 2.271283e-01 -4.504485e-01 1.156768e-02 5.184515e-03 2.614173e-03 -4.080963e-04
6.958217e+00 -1.610271e-02 -1.670114e-01 3.308894e-03 1.006143e-02 -9.700914e-04 -2.625114e-04
1.184326e+00 -5.654579e-02 -2.111989e-01 9.428042e-03 8.442040e-03 -2.260248e-03 2.608009e-04
6.633614e+00 4.882020e-01 -1.744556e-01 -9.283770e-04 1.887403e-03 5.281766e-03 -1.847189e-05
2.764000e+00 3.175175e-01 -9.011264e-02 1.952927e-02 1.611160e-03 5.677024e-03 2.881000e-04
6.009058e+00 3.747013e-02 -8.874204e-01 -2.158097e-02 3.925375e-03 1.657436e-04 3.809117e-04
3.016988e+00 -4.024729e-01 -6.291738e-01 -1.110533e-01 3.660447e-03 -2.341532e-03 2.630940e-04
4.223168e+00 1.533165e-02 -6.502748e-03 1.762564e-03 1.210259e-02 2.853451e-02 -8.319613e-05
5.730472e+00 -2.331115e-02 1.291033e-01 9.479049e-03 -1.146283e-02 -2.069750e-03 -6.459857e-04
1.220366e+00 -1.060393e-02 -3.751096e-01 -2.675822e-02 5.796286e-03 -1.638546e-04 -6.251731e-05
5.108540e+00 3.098859e-02 -1.228685e-01 -1.656577e-02 1.041216e-02 2.626043e-03 -4.340909e-04
6.453613e-01 5.590193e-01 1.290549e-01 -1.706856e-02 -1.094529e-03 4.741106e-03 6.265837e-05
2.354620e+00 -1.285727e-01 1.706474e-01 -1.121945e-02 -7.056480e-03 -5.316642e-03 -2.159863e-04
4.601872e+00 -3.133684e-02 9.441181e-02 -3.622961e-03 -1.044898e-02 -3.468188e-03 1.081145e-04
9.168841e+00 -2.432147e-02 1.912052e-01 2.130650e-02 -9.373140e-03 -1.192272e-03 -4.510443e-04
7.249333e+00 -4.685258e-01 8.594213e-02 -8.632303e-03 -9.357976e-04 -5.101635e-03 3.747878e-05
5.878586e+00 7.847071e-02 2.193067e-01 3.623629e-02 -6.497204e-03 2.324782e-03 1.171540e-04
5.060569e-01 -1.911847e-01 -2.227210e-01 1.132226e-02 5.813487e-03 -4.990322e-03 4.271170e-04
9.663083e+00 8.053686e-01 1.497563e-01 2.025850e-02 -6.911091e-04 3.716688e-03 3.794134e-05
1.152356e+00 -8.149971e-02 -9.589397e-02 -2.343711e-03 8.991587e-03 -7.641896e-03 -5.080313e-05
3.718909e+00 8.760179e-01 -4.288799e-02 3.084014e-02 1.848107e-04 3.774892e-03 -4.262988e-05
5.172252e+00 1.447129e-01 9.268433e-01 1.074162e-02 -4.308720e-03 6.727431e-04 1.769160e-04
