6.125423e+09 0.000000e+00 0.000000e+00 0.000000e+00 0.000000e+00 0.000000e+00 0.000000e+00
9.469969e+00 -8.136657e-01 -3.664836e-01 5.046968e-02 1.716744e-02 -3.811509e-02 1.383009e-03
5.503848e+00 1.338167e-01 -3.588227e-01 5.618962e-02 5.473426e-02 2.041219e-02 2.791895e-03
8.849963e+00 -9.437516e-01 -2.450027e-01 2.177513e-03 1.012809e-02 -3.901344e-02 -1.606912e-03
9.939844e+00 4.816373e-01 -3.264157e-01 -4.665922e-02 2.304475e-02 3.400330e-02 -5.723435e-04
4.504849e+00 -6.059036e-03 4.518594e-01 9.625651e-02 -4.710933e-02 -6.316946e-04 -2.973197e-03
9.329475e+00 8.450971e-01 -1.005250e-01 4.500644e-02 4.553560e-03 3.828104e-02 1.330927e-03
7.537258e+00 -1.671130e-01 2.484542e-01 -3.124745e-02 -5.192126e-02 -3.492282e-02 7.178288e-03
3.981831e+00 1.086391e-01 -4.684471e-01 7.731678e-03 5.396758e-02 1.251580e-02 2.015427e-06
2.722477e+00 -1.211535e-01 2.105088e-01 -7.346038e-04 -6.030254e-02 -3.470573e-02 -1.809862e-04
8.407828e-01 1.278975e-01 -7.580713e-01 -5.444789e-02 3.978544e-02 6.712376e-03 1.891104e-03
9.750639e+00 -8.215730e-02 -5.087323e-02 1.327442e-02 6.142974e-02 -9.920545e-02 5.800959e-03
8.290508e+00 2.021670e-01 8.445610e-01 6.949191e-03 -3.664452e-02 8.771790e-03 3.570291e-04
8.835582e+00 4.369955e-02 1.078560e-01 -9.698595e-03 -9.838469e-02 3.986210e-02 -9.635445e-05
5.759560e+00 -4.118700e-01 -7.509981e-01 -1.327646e-01 3.756334e-02 -2.060087e-02 1.706534e-03
6.944860e+00 8.214427e-01 -2.312715e-01 3.973988e-03 1.035883e-02 3.679306e-02 1.766683e-03
5.516126e-01 -1.372886e-02 -4.973431e-01 1.980366e-02 4.912637e-02 -1.356105e-03 1.461559e-03
2.620110e+00 -6.033672e-01 -1.438667e-01 1.091014e-01 1.060746e-02 -4.448697e-02 4.677578e-03
4.313911e+00 1.409944e-01 -7.372940e-01 9.120771e-02 4.150991e-02 7.938036e-03 4.194517e-03
8.827789e+00 6.002008e-01 -7.924232e-01 7.105523e-02 2.773901e-02 2.101021e-02 1.990184e-03
4.080084e+00 -6.453088e-01 6.656554e-01 -7.548542e-02 -2.755139e-02 -2.670925e-02 2.608088e-03
1.090047e+00 -9.952365e-01 -3.020717e-02 1.846977e-01 9.372088e-04 -3.087825e-02 -1.558485e-03
3.811444e+00 2.402405e-01 4.325183e-01 -5.466367e-02 -4.236547e-02 2.353173e-02 -1.115469e-03
5.319633e+00 -8.498751e-01 4.897918e-01 1.339984e-01 -1.986257e-02 -3.446506e-02 -2.479766e-03
7.536603e-01 -1.057754e-01 4.535195e-01 -1.191010e-02 -5.434989e-02 -1.267615e-02 -6.986112e-03
5.320326e+00 6.289774e-01 -7.179545e-01 -2.783503e-02 2.733765e-02 2.394965e-02 -1.439613e-03
