2.413344e+09 0.000000e+00 0.000000e+00 0.000000e+00 0.000000e+00 0.000000e+00 0.000000e+00
1.367150e+00 -6.736745e-01 2.646525e-02 -1.230852e-03 -1.173525e-03 -2.987214e-02 -8.846280e-04
3.819166e+00 -2.686973e-01 -9.144004e-01 1.011204e-01 1.962892e-02 -5.767972e-03 -7.299701e-04
1.659761e+00 -6.855096e-01 -5.641447e-01 -3.562212e-02 1.664578e-02 -2.022680e-02 3.533888e-04
1.924470e+00 -7.141945e-01 5.606256e-01 -1.520802e-01 -1.491466e-02 -1.900015e-02 1.395177e-03
8.242348e+00 -4.703246e-01 -2.216090e-02 9.086329e-02 1.607270e-03 -3.411137e-02 3.405532e-03
3.616647e+00 3.380796e-01 2.442834e-01 2.239539e-02 -1.822283e-02 2.521976e-02 -2.538478e-03
6.768376e+00 5.007314e-01 -4.283989e-01 2.128014e-02 1.860144e-02 2.174218e-02 2.777292e-04
8.584787e+00 -3.052000e-01 -2.109135e-02 -2.737788e-02 2.971138e-03 -4.299352e-02 7.195914e-04
8.346181e+00 3.273011e-01 4.067924e-01 1.261076e-02 -2.245315e-02 1.806558e-02 1.643324e-03
2.967624e+00 1.991448e-01 -1.135091e-03 -2.909198e-02 2.679719e-04 4.701401e-02 -1.438969e-03
9.601663e+00 3.732922e-01 -8.156194e-01 -5.947919e-02 2.212792e-02 1.012750e-02 -3.474211e-04
8.011234e+00 3.059279e-01 1.597266e-01 3.812684e-02 -1.801085e-02 3.449657e-02 -9.947410e-04
4.030288e+00 2.919205e-02 3.833789e-01 1.923712e-02 -3.825593e-02 2.912964e-03 1.853649e-03
1.613360e+00 8.084914e-01 -4.080267e-01 1.319003e-02 1.140737e-02 2.260333e-02 1.173957e-03
2.560900e+00 3.098156e-01 2.556208e-02 1.737707e-02 -3.359362e-03 4.071589e-02 -5.214812e-03
9.563808e+00 -1.053434e-02 5.095177e-02 1.083300e-02 -9.120462e-02 -1.885667e-02 -8.130362e-05
3.796431e+00 1.549949e-01 -4.469473e-02 -1.170259e-02 1.634874e-02 5.669507e-02 -5.321010e-03
9.412468e+00 -2.571213e-01 7.691383e-01 9.392625e-02 -2.506070e-02 -8.377740e-03 2.351545e-04
7.667782e+00 4.735628e-01 -6.618325e-01 3.378204e-02 2.096301e-02 1.499972e-02 1.814195e-03
2.314807e+00 3.718748e-01 -1.609750e-01 2.612599e-02 1.251571e-02 2.891305e-02 2.439142e-03
5.047692e-01 3.363783e-01 4.865996e-01 -1.504106e-02 -2.218346e-02 1.533506e-02 4.197275e-05
7.468172e+00 -1.326610e-01 -8.211964e-01 -1.577129e-02 2.470508e-02 -3.991008e-03 1.842893e-03
6.181779e+00 -3.016865e-01 2.791570e-01 -9.453668e-03 -2.276487e-02 -2.460212e-02 -1.186570e-03
3.927003e+00 8.550556e-01 3.686518e-01 2.535904e-01 -9.814411e-03 2.276367e-02 -1.233960e-03
5.777065e+00 4.945671e-01 -5.313905e-01 -8.885552e-02 2.035260e-02 1.894224e-02 -7.442292e-04
9.569188e+00 3.802766e-01 -1.608979e-02 -3.874725e-02 1.523951e-03 3.601806e-02 4.529432e-04
3.251584e+00 -4.242235e-01 -5.942143e-01 1.424649e-01 2.154030e-02 -1.537812e-02 -2.201756e-03
7.479032e+00 -7.455744e-01 1.838257e-01 -1.488437e-02 -5.388590e-03 -2.185545e-02 1.604555e-04
9.842510e+00 -3.999152e-01 2.053766e-01 -6.544625e-02 -1.407462e-02 -2.740650e-02 1.118117e-05
8.455212e+00 -1.927434e-01 6.832056e-01 -5.450794e-02 -2.699213e-02 -7.614917e-03 -1.126571e-03
9.061358e+00 2.847130e-01 2.274605e-01 8.118954e-03 -2.560241e-02 3.204661e-02 2.209844e-03
2.065886e+00 4.149868e-01 3.400480e-01 -8.991677e-02 -1.996969e-02 2.437056e-02 -1.769359e-03
4.791683e+00 -2.523317e-02 6.827540e-01 1.234212e-01 -2.697136e-02 -9.968054e-04 1.488415e-03
9.852063e+00 -2.693115e-01 -7.896512e-01 -8.248284e-02 2.241642e-02 -7.645148e-03 -6.953404e-04
3.470147e+00 -7.708567e-01 -3.569418e-02 3.746239e-02 1.171026e-03 -2.528966e-02 1.643497e-03
3.096732e+00 -9.294695e-01 2.170246e-01 -9.509629e-02 -5.749173e-03 -2.462247e-02 -1.727673e-04
1.070779e+00 4.927568e-01 5.754763e-01 -4.246222e-02 -2.141417e-02 1.833608e-02 -1.091092e-03
7.455945e+00 -7.823221e-01 3.533994e-01 3.622133e-02 -1.114080e-02 -2.466245e-02 -8.176148e-04
7.470066e+00 -9.187752e-01 -3.168049e-01 3.105953e-02 7.943521e-03 -2.303724e-02 -2.808908e-04
8.671444e+00 2.709354e-01 5.057907e-01 -4.280568e-02 -2.461258e-02 1.318415e-02 1.708754e-03
9.199090e+00 -7.676792e-02 7.364994e-01 -1.683700e-01 -2.507548e-02 -2.613705e-03 -6.014549e-04
8.549445e+00 1.880347e-01 5.882592e-02 3.371856e-03 -1.556124e-02 4.974089e-02 3.484075e-04
2.762636e+00 4.178644e-03 -1.235631e-02 -3.802748e-04 2.097953e-01 7.094840e-02 2.640660e-03
8.891809e+00 -2.686333e-01 -2.995231e-01 1.522457e-03 2.415940e-02 -2.166784e-02 4.947100e-04
9.235636e+00 -1.425723e-01 2.207883e-01 -1.019632e-02 -3.401836e-02 -2.196708e-02 -1.228573e-03
9.155012e+00 -2.317767e-02 5.335523e-01 -3.913210e-02 -3.172396e-02 -1.378098e-03 6.838114e-04
9.756404e+00 9.643264e-01 -2.384522e-01 8.635243e-02 5.621441e-03 2.273372e-02 -2.136826e-03
1.031917e+00 5.344205e-01 -4.270801e-01 -2.324006e-02 1.898146e-02 2.375218e-02 6.462129e-04
2.428617e+00 2.458318e-01 -1.312792e-01 -5.365021e-02 1.758589e-02 3.293112e-02 -1.381758e-03
9.773938e+00 -4.275347e-01 8.212982e-02 3.405430e-02 -6.935479e-03 -3.610331e-02 -2.624957e-03
