5.064247e+09 0.000000e+00 0.000000e+00 0.000000e+00 0.000000e+00 0.000000e+00 0.000000e+00
8.023853e+00 -8.905638e-02 3.293330e-03 7.959764e-03 -3.824767e-03 -1.034272e-01 -1.346803e-02
2.741739e+00 -2.054129e-01 -1.345273e-01 4.729308e-02 3.751363e-02 -5.728044e-02 -6.134058e-04
6.611505e-01 -2.701688e-01 5.178901e-01 -2.491731e-02 -4.016590e-02 -2.095343e-02 1.803382e-03
8.973973e+00 1.199146e-01 -1.936429e-01 2.318158e-02 6.468147e-02 4.005441e-02 1.464643e-03
9.979868e+00 1.500658e-01 -2.073054e-02 1.806155e-03 1.226700e-02 8.879928e-02 -4.151218e-03
4.926431e+00 -3.647196e-01 -4.737349e-01 1.144889e-01 3.235624e-02 -2.491047e-02 4.448021e-03
7.746718e+00 6.603316e-01 3.848059e-01 -1.111797e-01 -1.780634e-02 3.055589e-02 2.814924e-04
2.554883e+00 -3.431358e-02 -9.146947e-01 -3.014217e-02 3.302265e-02 -1.238802e-03 -6.380674e-04
9.898280e+00 -2.253129e-01 7.935865e-01 3.910549e-02 -3.312388e-02 -9.404444e-03 1.434456e-03
8.346225e+00 -1.076550e-01 6.999092e-01 9.877326e-02 -4.207482e-02 -6.471645e-03 1.572915e-03
8.102095e+00 2.964168e-01 -4.501112e-01 -8.251862e-02 3.846947e-02 2.533373e-02 4.311721e-03
2.885936e+00 1.426548e-02 1.320022e-01 -1.824204e-03 -8.658779e-02 9.357547e-03 -7.585785e-03
2.158371e+00 -1.845344e-01 -8.276056e-01 -1.606940e-01 3.574857e-02 -7.970999e-03 -1.507877e-03
8.394645e+00 1.128514e-01 -1.135394e-01 1.493310e-02 6.473955e-02 6.434728e-02 -1.105221e-03
3.875611e+00 3.697066e-01 3.697844e-01 -3.350623e-02 -3.299350e-02 3.298655e-02 -1.555678e-03
1.724589e+00 3.979686e-01 -5.512373e-01 7.186249e-02 3.100339e-02 2.238306e-02 1.649470e-04
8.293276e+00 -3.853888e-02 9.779941e-01 -1.316270e-01 -3.183542e-02 -1.254508e-03 5.723843e-04
6.529046e+00 -1.684670e-01 -2.287452e-01 2.580791e-02 5.092133e-02 -3.750271e-02 3.928483e-03
5.113864e+00 3.739918e-01 7.481581e-01 1.784860e-01 -3.417649e-02 1.708426e-02 2.455746e-03
4.365973e+00 4.238334e-01 -7.437582e-01 -2.589115e-02 2.926463e-02 1.667656e-02 2.697697e-03
2.413914e+00 -4.860062e-01 -7.984580e-01 -6.213711e-02 2.523556e-02 -1.536041e-02 1.992443e-03
4.333645e+00 -2.622280e-01 -7.551573e-02 4.156957e-02 1.841034e-02 -6.392979e-02 2.139828e-03
9.385294e+00 -5.590223e-02 3.967099e-02 -9.395460e-03 -7.624246e-02 -1.074368e-01 -1.024596e-02
6.961392e+00 -1.518996e-02 2.177638e-02 1.390056e-03 -1.778529e-01 -1.240601e-01 1.368140e-02
8.256417e+00 -4.579916e-01 1.148698e-01 -7.984815e-03 -1.029843e-02 -4.106033e-02 -2.842330e-03
4.948117e+00 8.919209e-01 3.938486e-01 -3.696241e-02 -1.467681e-02 3.323753e-02 1.483889e-03
3.439846e+00 3.963967e-01 1.634966e-02 6.245601e-03 -2.025462e-03 4.910722e-02 -3.925011e-03
8.534045e+00 3.060493e-01 -6.697171e-02 4.524456e-02 1.370335e-02 6.262200e-02 1.157761e-04
5.520818e-01 -3.985872e-01 1.254942e-01 -1.022535e-02 -1.376891e-02 -4.373199e-02 2.105147e-03
3.479352e+00 6.333805e-02 -1.690118e-01 3.705188e-02 7.029053e-02 2.634175e-02 1.881716e-04
5.887658e+00 9.080586e-03 -8.542301e-02 -2.597095e-02 1.076753e-01 1.144604e-02 2.696120e-04
1.951998e+00 -4.450263e-01 -4.285339e-02 6.745188e-02 4.513800e-03 -4.687516e-02 2.567799e-03
4.245565e+00 -5.737353e-01 6.026468e-01 -2.007731e-03 -2.643060e-02 -2.516261e-02 -7.269771e-04
3.771956e+00 -2.581214e-01 -2.006000e-01 -2.764603e-02 3.868371e-02 -4.977614e-02 2.447900e-03
9.585808e+00 1.716086e-01 2.302149e-01 3.325443e-02 -5.328011e-02 3.971649e-02 4.322417e-03
6.000056e+00 -2.875075e-01 -2.373511e-01 -3.076474e-02 3.211072e-02 -3.889628e-02 -4.506533e-03
2.189671e+00 3.003768e-01 4.119955e-02 -2.427212e-02 -7.878368e-03 5.743943e-02 -1.091606e-03
1.794690e+00 2.645529e-01 -7.400657e-02 1.036105e-03 1.470640e-02 5.257128e-02 4.443360e-03
8.010972e+00 4.004377e-01 7.182087e-01 2.182244e-02 -3.037570e-02 1.693599e-02 2.050262e-04
3.684388e+00 7.902601e-01 -6.842103e-02 2.393918e-02 2.915109e-03 3.366939e-02 3.967902e-04
2.007930e+00 -3.079154e-02 3.284929e-01 3.222209e-02 -5.595094e-02 -5.244604e-03 -1.349868e-03
8.194960e+00 2.786889e-01 2.872851e-01 -1.774034e-02 -3.949446e-02 3.831271e-02 -2.417244e-04
7.955364e+00 3.875030e-01 1.774658e-01 4.169234e-02 -2.304687e-02 5.032369e-02 -2.657291e-03
4.885089e+00 1.601406e-01 5.835783e-02 -1.683361e-02 -3.026709e-02 8.305638e-02 -2.195481e-03
1.302371e+00 1.585597e-01 -4.934360e-01 -4.031980e-04 3.760894e-02 1.208518e-02 -1.616337e-03
6.614666e+00 9.097317e-01 -3.033887e-01 1.274686e-01 1.070452e-02 3.209823e-02 -7.806081e-04
1.186919e+00 -3.011371e-01 -2.011675e-01 1.010520e-03 2.831450e-02 -4.238530e-02 2.004655e-04
4.780491e+00 3.309782e-01 1.150441e-02 -2.661399e-02 -2.139026e-03 6.153907e-02 -5.591529e-03
1.725767e+00 2.644242e-01 -2.467649e-01 -2.637336e-02 3.529310e-02 3.781879e-02 -3.013152e-03
1.914321e+00 -2.346468e-01 -2.094488e-01 -2.737894e-02 3.853157e-02 -4.316717e-02 -5.260953e-04
7.269576e+00 2.707403e-01 2.744326e-01 -3.497225e-02 -4.037512e-02 3.983190e-02 -7.431733e-04
2.742355e+00 5.113132e-01 5.210071e-01 -3.088452e-02 -2.464384e-02 2.418532e-02 2.066634e-03
1.832839e+00 -3.625595e-02 6.710061e-02 -1.455845e-02 -1.009823e-01 -5.456297e-02 5.495920e-03
3.856609e+00 3.789864e-02 -3.911221e-03 -3.775757e-03 1.660698e-02 1.609170e-01 -4.271087e-03
6.144212e+00 1.139998e-01 7.245318e-02 9.285070e-03 -4.767677e-02 7.501589e-02 -1.512593e-03
7.990317e+00 -4.907195e-01 6.229040e-01 -7.738578e-02 -2.532993e-02 -1.995475e-02 -1.106570e-03
7.754959e+00 3.328107e-03 5.165024e-02 3.731485e-03 -1.495755e-01 9.637967e-03 6.151988e-03
8.896821e+00 -1.592926e-01 1.795172e-01 2.961297e-02 -4.888058e-02 -4.337363e-02 -3.145918e-03
2.161446e+00 6.176004e-02 -1.426967e-01 5.976759e-03 8.032123e-02 3.476353e-02 3.435978e-03
5.690099e+00 -2.412531e-01 5.180568e-02 2.093759e-02 -1.285941e-02 -5.988476e-02 -1.617217e-04
1.931352e+00 2.322363e-01 8.834971e-01 5.547700e-02 -3.245383e-02 8.530823e-03 5.879032e-05
7.111451e+00 -6.349106e-02 6.408329e-01 5.238468e-02 -4.389953e-02 -4.349383e-03 4.216046e-04
3.850256e+00 -3.265615e-01 1.837828e-01 -4.559281e-02 -2.374267e-02 -4.218806e-02 -8.637714e-05
9.134536e+00 4.714833e-02 -9.882687e-01 -4.172653e-02 3.242360e-02 1.546865e-03 3.543403e-04
9.603154e+00 -1.507070e-01 1.647045e-01 2.331848e-04 -4.719668e-02 -4.318563e-02 3.710086e-03
3.611804e+00 -2.719814e-01 -6.029558e-01 3.443475e-02 3.821938e-02 -1.724001e-02 -2.882163e-04
3.713724e+00 -3.323763e-01 -6.986521e-01 7.035792e-02 3.295823e-02 -1.567953e-02 3.261895e-04
8.893519e+00 -1.391314e-01 -2.079030e-01 -3.292721e-02 5.312258e-02 -3.555033e-02 5.656012e-03
7.308337e+00 -8.795414e-01 1.569333e-02 5.337683e-02 -5.815662e-04 -3.259420e-02 1.093936e-03
9.756495e+00 -3.144530e-01 -7.422801e-01 -7.877626e-02 3.460748e-02 -1.466080e-02 -1.018413e-03
2.632407e+00 -7.328254e-01 -4.584796e-01 7.262912e-02 1.637235e-02 -2.616926e-02 -2.640819e-03
1.481809e+00 -6.273367e-01 -1.861471e-01 3.736825e-02 1.114522e-02 -3.756065e-02 6.236178e-05
2.768852e+00 -2.291439e-01 -6.388936e-01 -5.992394e-02 4.021496e-02 -1.442339e-02 5.437316e-04
6.604988e+00 -7.803135e-02 4.436942e-01 -3.942732e-02 -4.225284e-02 -7.430897e-03 -2.840948e-03
5.782397e+00 -8.170048e-01 1.832933e-01 -4.421894e-02 -8.386726e-03 -3.738269e-02 -8.691966e-04
8.350688e+00 3.046115e-01 4.026342e-01 3.369398e-02 -3.979384e-02 3.010589e-02 -3.687588e-05
2.611070e+00 -1.997073e-01 3.526534e-03 -1.680145e-03 -1.287850e-03 -7.293086e-02 5.615723e-03
3.965946e+00 -2.395109e-01 3.839297e-01 -2.137295e-02 -4.207765e-02 -2.624974e-02 -1.832473e-03
1.236572e+00 -1.767923e-01 -7.978944e-01 -1.300022e-02 3.373403e-02 -7.474569e-03 4.496062e-04
1.592155e+00 5.506566e-01 6.447310e-01 -1.500019e-01 -2.576797e-02 2.200810e-02 -5.108992e-05
7.876424e+00 -1.183831e-01 -1.261338e-01 2.820930e-04 5.084576e-02 -4.772141e-02 -4.831292e-03
5.825485e+00 1.989186e-02 -3.500298e-02 1.634185e-03 1.569151e-01 8.917333e-02 3.891736e-03
5.753483e+00 2.942690e-01 8.937407e-02 -4.871142e-02 -1.763721e-02 5.807145e-02 -1.373564e-04
5.932117e-01 2.298014e-01 -5.330969e-01 -8.817443e-02 3.624536e-02 1.562424e-02 9.124329e-04
8.110981e+00 -8.198858e-01 -4.160076e-01 9.962849e-02 1.677693e-02 -3.306470e-02 1.103153e-03
9.252455e+00 -6.632800e-01 5.282982e-01 5.314213e-02 -2.283459e-02 -2.866890e-02 6.231746e-04
9.555485e+00 6.643327e-01 -4.806018e-01 7.986343e-02 2.068449e-02 2.859203e-02 -2.404213e-03
1.020093e+00 -2.171157e-01 7.217674e-01 -7.611940e-02 -3.526526e-02 -1.060818e-02 -4.683207e-04
8.495905e+00 -3.369594e-02 2.087845e-01 1.089075e-02 -6.792096e-02 -1.096183e-02 -3.073389e-03
2.062872e+00 1.670092e-01 3.617618e-01 9.108872e-03 -5.142675e-02 2.374143e-02 -1.564877e-03
5.562448e-01 -7.235441e-01 -4.943083e-01 1.574592e-02 1.710865e-02 -2.504280e-02 -1.172184e-03
6.961548e+00 5.225749e-02 7.516590e-01 6.291307e-02 -3.426043e-02 2.381883e-03 -2.818554e-03
5.757623e+00 -2.216143e-01 -2.465448e-01 5.975286e-04 4.617826e-02 -4.150873e-02 9.208636e-04
9.686166e+00 -5.412935e-01 -6.323112e-01 1.041660e-01 2.427392e-02 -2.077982e-02 -2.773546e-04
7.501548e+00 1.922387e-02 4.028151e-02 -4.389650e-03 -1.387450e-01 6.621440e-02 -6.536895e-03
7.235589e-01 -4.187824e-01 -3.139610e-01 3.478067e-02 2.778598e-02 -3.706281e-02 4.577082e-03
9.016511e+00 -2.744869e-01 3.969953e-01 4.641126e-03 -4.116155e-02 -2.845954e-02 2.637924e-03
8.748398e+00 1.434163e-01 5.063256e-01 -2.126382e-03 -3.839716e-02 1.087597e-02 -4.594875e-04
9.305370e+00 -2.537723e-01 4.370983e-01 -4.832799e-02 -3.661052e-02 -2.125548e-02 -2.691825e-03
9.051855e+00 -7.052658e-02 -5.085659e-01 2.645439e-02 4.793984e-02 -6.648170e-03 4.049456e-04
2.798069e+00 -3.370414e-01 -8.115811e-02 5.519455e-02 1.126195e-02 -4.676973e-02 -5.043947e-04
9.326058e+00 5.255043e-01 -5.761980e-01 -1.045808e-01 2.438785e-02 2.224221e-02 -2.396560e-03
9.366196e+00 3.409756e-02 1.069614e-02 3.117583e-03 -4.532953e-02 1.445032e-01 -4.715678e-03
6.842322e+00 1.652745e-01 3.451230e-02 -6.753916e-03 -1.597287e-02 7.649182e-02 -7.653163e-04
8.566621e+00 -5.356707e-01 2.360995e-01 2.041656e-02 -1.563652e-02 -3.547668e-02 2.995244e-03
8.118752e+00 -1.691683e-01 -2.591019e-01 3.145317e-02 4.544406e-02 -2.967054e-02 1.706494e-03
5.532982e-01 -2.279075e-02 5.464880e-03 4.934622e-03 -4.876513e-02 -2.033702e-01 -2.287142e-03
7.449946e+00 4.046343e-01 -6.848969e-02 -1.579652e-02 8.369649e-03 4.944754e-02 -7.561267e-04
6.361190e+00 9.015757e-02 -4.311570e-01 3.122056e-02 4.304700e-02 9.001391e-03 -2.477212e-03
9.445155e+00 -8.883588e-03 -3.254425e-01 3.814727e-03 5.997581e-02 -1.637157e-03 1.959473e-03
7.107884e+00 -2.561064e-01 6.316625e-02 3.113855e-02 -1.599620e-02 -6.485629e-02 2.643273e-03
6.062028e+00 -5.307520e-01 6.565670e-01 1.957842e-02 -2.697846e-02 -2.180870e-02 2.693505e-04
3.752496e+00 1.881104e-01 6.510335e-04 1.124537e-02 -2.667641e-04 7.707911e-02 -3.364845e-03
7.914051e+00 1.668446e-01 3.462478e-01 -9.335878e-03 -5.138460e-02 2.476042e-02 6.173065e-03
4.254759e+00 2.664892e-01 7.099658e-01 -1.362908e-01 -3.792070e-02 1.423372e-02 1.436940e-04
2.538510e+00 -2.788482e-01 1.668964e-01 -6.917596e-03 -2.892087e-02 -4.832059e-02 -2.743240e-04
5.118886e+00 4.056992e-01 -3.294876e-01 3.537786e-02 3.005827e-02 3.701086e-02 -6.935087e-04
5.703348e+00 2.991564e-01 -6.020605e-01 3.517136e-02 3.181172e-02 1.580685e-02 -1.389454e-03
5.104296e+00 -7.380197e-01 1.743791e-01 -1.203506e-01 -8.294411e-03 -3.510419e-02 -5.462554e-04
9.491859e+00 3.175085e-02 1.451142e-01 2.612811e-02 -8.090313e-02 1.770153e-02 -6.814057e-03
6.191371e+00 -2.231260e-01 -2.582679e-01 -5.804983e-02 4.074111e-02 -3.519757e-02 -2.815200e-03
8.367466e+00 -6.061250e-01 2.237443e-01 -3.105473e-02 -1.406185e-02 -3.809366e-02 1.900284e-03
7.371823e-01 4.236517e-01 7.790728e-01 -3.694957e-02 -3.120320e-02 1.696798e-02 -7.201824e-04
1.798633e+00 -4.300231e-01 -2.191520e-01 -4.534368e-02 2.212977e-02 -4.342335e-02 -2.833293e-03
9.439950e+00 3.710458e-01 1.802892e-01 -2.875634e-02 -2.450746e-02 5.043780e-02 -7.470136e-03
1.464362e+00 -5.798318e-01 8.104403e-03 1.478808e-01 -5.814894e-04 -4.160282e-02 -2.640834e-03
4.168488e+00 -5.289542e-01 1.394913e-01 -4.433801e-02 -1.146567e-02 -4.347810e-02 6.625085e-05
2.713537e+00 -5.287016e-01 6.562621e-01 2.016101e-02 -3.086699e-02 -2.486724e-02 8.512987e-04
2.022168e+00 -1.665721e-03 -4.401324e-01 2.742012e-02 5.280696e-02 -1.998527e-04 -2.357431e-03
3.659094e+00 -2.231432e-01 3.147485e-01 1.907480e-02 -4.671346e-02 -3.311784e-02 1.439109e-03
1.952437e+00 1.343985e-01 9.308415e-01 -1.490891e-01 -2.935261e-02 4.238043e-03 -3.164855e-03
1.238577e+00 4.468145e-01 6.501672e-01 -9.230499e-02 -3.171196e-02 2.179341e-02 5.669675e-04
2.766516e+00 1.685007e-02 4.603816e-02 5.920416e-03 -1.385527e-01 5.071062e-02 -1.490813e-03
4.025121e+00 -8.043752e-01 4.301759e-01 4.694926e-02 -1.651002e-02 -3.087168e-02 2.665755e-03
9.969813e+00 -6.566691e-01 3.773496e-01 -1.827346e-02 -1.695806e-02 -2.951066e-02 3.848167e-03
6.268810e+00 1.750986e-01 -4.793976e-01 6.489697e-02 4.165853e-02 1.521566e-02 -1.469697e-03
7.415120e+00 -1.954471e-01 7.421216e-01 1.047499e-01 -3.470851e-02 -9.140927e-03 -1.075698e-03
6.257468e+00 -5.666072e-01 -6.665136e-01 -1.905848e-02 2.440779e-02 -2.074922e-02 2.544853e-03
3.986362e+00 4.523065e-01 -7.139663e-01 5.317638e-03 2.614522e-02 1.656332e-02 1.430331e-03
3.481020e+00 1.196274e-01 -7.170976e-01 -2.753108e-02 3.584179e-02 5.979186e-03 6.804291e-04
2.708934e+00 8.736200e-02 -4.585587e-01 -3.540590e-02 4.082872e-02 7.778457e-03 -6.828138e-04
7.641785e+00 -3.521910e-01 -6.797141e-01 -1.040365e-02 2.949300e-02 -1.528167e-02 -3.320654e-04
1.064433e+00 -4.032534e-01 1.991659e-01 4.772592e-02 -1.929148e-02 -3.905969e-02 2.408697e-04
4.334280e+00 -8.225791e-01 -5.009360e-01 1.367152e-01 1.644305e-02 -2.700087e-02 -1.242439e-03
6.064300e+00 -1.093942e-01 3.556830e-01 -1.460683e-02 -5.067114e-02 -1.558446e-02 1.668844e-03
7.062803e-01 -7.771796e-01 -3.767924e-01 -7.756379e-02 1.488324e-02 -3.069847e-02 1.181005e-03
6.484196e+00 6.426546e-02 -6.451893e-02 -3.236357e-03 6.813174e-02 6.786408e-02 -4.806785e-03
3.171310e+00 -3.825862e-01 6.717916e-01 -1.155725e-01 -3.373356e-02 -1.921131e-02 1.828066e-04
3.232457e+00 -3.559066e-01 -1.107830e-02 6.980117e-02 1.722351e-03 -5.533303e-02 1.755053e-04
3.765512e+00 1.452109e-01 1.526226e-01 5.324169e-03 -5.417021e-02 5.153960e-02 1.025912e-03
2.832451e+00 8.285665e-02 -4.982013e-01 -4.565749e-02 4.075147e-02 6.777442e-03 -2.291102e-03
1.129816e+00 -4.222514e-03 2.863277e-01 5.812557e-02 -6.185863e-02 -9.122377e-04 -3.190862e-03
3.134083e+00 3.576686e-01 -8.138101e-02 -8.730372e-02 1.145157e-02 5.032952e-02 6.735667e-04
8.522893e+00 1.002052e-01 1.098624e-01 -6.758649e-03 -6.959267e-02 6.347530e-02 -1.458761e-03
9.365017e+00 1.207785e-01 3.133490e-01 -3.359719e-02 -5.410923e-02 2.085608e-02 4.477483e-03
9.489934e-01 -8.552455e-02 5.681706e-01 -1.092654e-01 -3.959855e-02 -5.960619e-03 -1.357096e-03
8.693079e+00 5.033946e-01 8.474996e-01 1.007866e-02 -2.616208e-02 1.553965e-02 6.820637e-04
4.870412e+00 -4.247752e-01 -8.933561e-01 1.485100e-01 2.729231e-02 -1.297701e-02 -1.980654e-03
4.570629e+00 3.663297e-02 -1.629954e-02 -4.473609e-03 5.915849e-02 1.329578e-01 9.796974e-03
7.685738e+00 -1.360193e-01 -8.663113e-01 1.653992e-02 3.843931e-02 -6.035347e-03 -3.100720e-04
8.282609e+00 -1.883992e-01 -2.002512e-01 -1.444219e-02 4.102825e-02 -3.859996e-02 -1.718693e-03
9.720161e+00 -3.719734e-01 -7.416443e-02 5.360073e-03 9.955563e-03 -4.993236e-02 1.099547e-03
8.619158e+00 6.328632e-01 7.622270e-01 1.356574e-01 -2.310925e-02 1.918719e-02 3.587810e-03
4.788346e+00 4.288458e-02 5.929679e-01 9.049718e-02 -4.573933e-02 3.307956e-03 -3.403652e-03
4.051012e+00 1.595805e-02 -9.759397e-02 -6.590784e-03 9.804711e-02 1.603214e-02 -2.967337e-03
4.432146e+00 -9.033819e-01 -7.203714e-02 4.138419e-02 2.720977e-03 -3.412242e-02 -1.642528e-03
2.886467e+00 2.786617e-01 -7.967983e-02 -3.946258e-02 1.730918e-02 6.053485e-02 -9.477021e-04
7.858054e+00 -7.538530e-01 -2.254851e-01 3.309694e-02 1.070869e-02 -3.580183e-02 6.902772e-04
9.375263e+00 -4.677246e-01 7.153562e-01 -1.037257e-01 -2.693961e-02 -1.761404e-02 -4.484173e-04
8.040988e+00 -1.830904e-02 9.832210e-01 3.144844e-02 -3.657590e-02 -6.810978e-04 -3.331214e-03
2.272854e+00 4.243658e-01 8.250494e-01 3.150070e-02 -3.150848e-02 1.620645e-02 2.972019e-03
8.877382e+00 -7.688341e-01 4.460357e-02 7.825625e-02 -2.037631e-03 -3.512276e-02 -2.617637e-03
9.463595e+00 8.158647e-01 4.473042e-01 -2.452829e-04 -1.609276e-02 2.935254e-02 -1.257519e-03
9.771832e+00 9.270663e-01 -8.017093e-02 4.672783e-02 2.658195e-03 3.073836e-02 2.960638e-04
6.601233e+00 -8.336024e-01 -3.978497e-01 6.442389e-02 1.335967e-02 -2.799212e-02 5.296004e-04
8.046795e+00 2.954466e-01 -3.494549e-01 2.363819e-02 3.784130e-02 3.199293e-02 2.417744e-03
6.275812e+00 -4.588402e-01 8.654055e-01 -7.089936e-02 -2.640265e-02 -1.399875e-02 -4.686230e-04
6.560131e+00 -3.391676e-03 1.315355e-01 -7.958598e-03 -8.149208e-02 -2.101294e-03 -1.427910e-03
1.591571e+00 -5.679464e-02 -3.313552e-02 -7.547444e-03 5.911824e-02 -1.013293e-01 -5.599561e-03
2.229940e+00 -1.323548e-01 6.490327e-02 1.993089e-02 -3.309863e-02 -6.749681e-02 5.051222e-03
8.518527e+00 -2.700028e-01 1.929566e-01 1.487489e-02 -3.110891e-02 -4.353047e-02 8.175346e-04
4.365784e+00 -1.061174e-01 -9.868761e-01 -2.854266e-02 3.297053e-02 -3.545274e-03 -2.729914e-04
6.507743e+00 -1.780336e-01 8.151249e-01 3.556452e-02 -3.409821e-02 -7.447482e-03 9.500280e-04
6.727233e+00 -5.172132e-01 -3.753015e-01 -9.708984e-02 2.252250e-02 -3.103887e-02 -1.714781e-03
4.876017e+00 -7.095871e-01 4.042293e-01 1.545266e-01 -1.663465e-02 -2.920059e-02 -3.257677e-04
5.930545e+00 5.005073e-01 -4.654555e-01 3.013971e-02 2.869171e-02 3.085238e-02 8.116906e-04
9.294884e+00 -2.523623e-01 4.321102e-01 3.095759e-02 -4.314192e-02 -2.519588e-02 1.808264e-03
1.337824e+00 -3.123726e-01 1.381532e-01 1.186601e-03 -2.426047e-02 -5.485440e-02 -3.030263e-03
6.622449e-01 1.331698e-01 1.093146e-01 -3.346045e-03 -4.629376e-02 5.639624e-02 -6.222440e-04
7.036592e+00 3.659346e-01 -4.977914e-01 5.244315e-02 3.724995e-02 2.738304e-02 -2.724668e-03
8.989508e+00 1.314912e-01 2.747486e-01 -1.404027e-02 -5.802996e-02 2.777241e-02 2.569385e-03
9.195031e-01 -2.103977e-01 2.536341e-01 1.544841e-02 -3.890490e-02 -3.227288e-02 -1.348851e-03
4.387922e+00 1.086070e-02 -5.259697e-01 -7.193715e-02 4.754366e-02 9.817250e-04 1.891016e-03
1.339966e+00 4.835845e-02 -4.008962e-02 -1.244801e-02 8.589881e-02 1.036162e-01 1.285043e-02
8.098986e+00 9.018462e-01 -1.280070e-01 -7.001983e-02 5.302521e-03 3.735780e-02 3.690461e-03
1.882903e+00 2.415343e-01 -7.928607e-01 6.200781e-02 3.098729e-02 9.439857e-03 1.359854e-03
4.359489e+00 4.255984e-01 4.407567e-02 5.986512e-02 -5.457261e-03 5.269577e-02 -2.381696e-03
6.999155e+00 6.325694e-01 6.543051e-01 -8.856073e-02 -2.294045e-02 2.217838e-02 -8.470617e-05
6.597539e+00 4.510236e-02 4.683478e-01 -2.386955e-02 -4.553517e-02 4.385082e-03 2.530648e-03
8.472865e+00 1.024909e-01 -3.468746e-01 6.653384e-04 5.446365e-02 1.609235e-02 -2.222519e-03
4.508797e+00 5.365170e-02 2.984821e-01 1.226629e-02 -5.122094e-02 9.206886e-03 6.870426e-04
7.374124e+00 4.448297e-01 -2.898664e-01 -1.107182e-02 2.440796e-02 3.745651e-02 7.490875e-04
7.101530e+00 -6.391334e-01 -1.072205e-01 -1.095394e-02 6.467428e-03 -3.855187e-02 -3.361077e-03
5.212914e+00 4.536063e-01 2.056831e-01 -1.031288e-01 -1.883665e-02 4.154168e-02 1.611533e-03
5.262417e-01 2.228043e-01 1.567355e-02 8.042453e-03 -5.295905e-03 7.528289e-02 -6.575281e-03
9.717814e+00 6.796778e-02 -6.250191e-02 5.197485e-04 7.057609e-02 7.674806e-02 -5.875149e-03
9.187058e-01 3.109878e-01 9.422386e-01 1.183778e-01 -3.440183e-02 1.135440e-02 -2.361047e-03
2.498018e+00 -4.300263e-01 8.721297e-02 5.601025e-02 -1.073824e-02 -5.294770e-02 -1.991707e-03
7.470598e+00 3.480914e-01 -4.436683e-01 2.000795e-03 3.486213e-02 2.735198e-02 -2.530337e-03
2.424148e+00 4.516698e-02 -1.371801e-01 1.540801e-02 7.997617e-02 2.633240e-02 -1.499448e-03
8.605649e+00 1.100399e-02 5.034264e-03 -2.128317e-04 -1.142429e-01 2.497143e-01 -3.986685e-03
6.949458e+00 -7.697338e-02 -2.482082e-02 8.519458e-03 3.188289e-02 -9.887400e-02 9.436101e-04
3.238346e+00 6.348960e-01 4.548089e-01 -7.903055e-02 -2.066775e-02 2.885140e-02 3.816115e-03
6.031000e+00 1.616398e-01 -7.661666e-01 8.200171e-02 3.488790e-02 7.360374e-03 -1.365610e-03
6.230604e+00 3.936880e-01 -1.389374e-01 -5.246689e-02 1.763770e-02 4.997758e-02 -1.288155e-03
1.423165e+00 -3.253003e-01 -9.100719e-02 -3.577324e-02 1.564014e-02 -5.590481e-02 -3.321834e-03
6.068577e+00 -8.954810e-01 -4.005040e-01 2.803131e-02 1.403456e-02 -3.137966e-02 5.896606e-04
9.129441e+00 -7.142402e-01 -6.033671e-01 6.681820e-02 2.158404e-02 -2.555026e-02 -2.558046e-03
5.417906e+00 5.008320e-01 -7.704839e-01 -8.161117e-02 3.145169e-02 2.044431e-02 -6.715287e-04
7.700060e+00 7.413453e-01 3.741150e-01 -6.411398e-02 -1.733063e-02 3.434233e-02 6.489869e-03
3.747562e+00 4.598358e-01 7.212275e-02 -3.805891e-02 -7.836521e-03 4.996361e-02 -2.966845e-03
9.933020e+00 -3.766810e-02 -1.051174e-01 8.089493e-03 9.853095e-02 -3.530789e-02 -1.986431e-03
8.441933e+00 -1.334094e-01 9.086929e-02 9.485195e-03 -4.733520e-02 -6.949501e-02 7.285130e-03
4.122933e+00 7.563838e-02 -2.336334e-02 -8.828600e-03 3.667169e-02 1.187239e-01 4.208098e-03
9.758239e+00 2.449209e-01 1.966804e-01 1.942073e-02 -3.868971e-02 4.817927e-02 -1.883081e-04
7.785656e+00 -1.438733e-02 3.772123e-02 -5.272707e-03 -1.660570e-01 -6.333616e-02 -8.034364e-03
8.017356e+00 6.619691e-01 3.388998e-01 5.358526e-02 -1.742425e-02 3.403458e-02 -1.407163e-03
2.649229e+00 -3.570727e-01 8.261899e-01 9.813306e-02 -3.301184e-02 -1.426745e-02 -3.376471e-03
6.784230e+00 -5.435489e-02 1.402004e-01 -1.062412e-02 -8.724909e-02 -3.382596e-02 -6.580404e-03
8.370727e+00 1.661209e-01 -4.498541e-01 -2.309537e-02 4.416703e-02 1.630988e-02 -7.837777e-04
1.569236e+00 7.715487e-01 -1.352866e-01 4.242391e-02 6.901782e-03 3.936134e-02 -6.588756e-04
5.895474e+00 1.054784e-02 6.556244e-02 -7.927579e-03 -1.292996e-01 2.080203e-02 9.509696e-03
8.814317e+00 8.869872e-01 3.177856e-01 -1.751696e-02 -1.240680e-02 3.462922e-02 -3.853122e-03
7.621463e+00 1.489495e-01 3.326262e-01 -4.906246e-02 -5.088839e-02 2.278775e-02 8.430249e-04
5.168918e+00 -5.840603e-01 6.582674e-01 -2.567612e-02 -2.784313e-02 -2.470435e-02 3.016634e-03
9.206002e+00 -8.963126e-01 -3.133054e-01 1.134243e-01 1.208501e-02 -3.457311e-02 -2.347113e-03
9.672886e+00 3.971977e-01 3.269185e-01 3.570120e-02 -2.569259e-02 3.121585e-02 -7.330569e-04
2.735306e+00 -3.106456e-01 -6.308722e-01 -8.672007e-03 3.060587e-02 -1.507053e-02 2.817693e-03
5.105140e+00 1.937823e-01 1.588715e-01 3.811139e-02 -4.116312e-02 5.020841e-02 -7.805318e-04
5.978484e+00 5.494762e-01 -7.254182e-01 2.262386e-02 2.928116e-02 2.217935e-02 4.754026e-04
6.420264e+00 -2.050707e-01 6.700110e-02 -3.241770e-02 -2.410593e-02 -7.378115e-02 5.107535e-03
4.129058e+00 -5.823142e-01 -1.537867e-01 -1.853160e-02 1.154670e-02 -4.372164e-02 3.744035e-03
9.485778e+00 -7.661076e-01 7.890281e-02 5.326520e-02 -3.927615e-03 -3.813522e-02 3.522112e-03
3.146668e+00 4.534174e-01 -4.843519e-01 -1.305228e-01 3.251909e-02 3.044217e-02 1.379433e-03
6.752259e+00 5.880342e-01 -5.450417e-01 8.270535e-02 2.438030e-02 2.630340e-02 -4.371186e-04
9.234617e+00 -3.302866e-03 2.174939e-03 3.685706e-04 -2.499115e-01 -3.795160e-01 -3.993419e-03
4.830751e+00 6.635806e-01 -5.264475e-01 8.082852e-02 2.110912e-02 2.660778e-02 1.041645e-03
8.628684e+00 5.945637e-02 2.068615e-01 7.450749e-03 -7.344790e-02 2.111048e-02 8.047980e-03
8.960156e+00 2.617535e-01 6.647205e-01 2.843818e-02 -3.433478e-02 1.352034e-02 1.543631e-03
6.667379e+00 -5.604349e-03 -7.954941e-01 6.952457e-02 3.732351e-02 -2.629485e-04 5.233061e-04
7.492955e+00 -8.905922e-02 -3.754659e-01 -5.370632e-02 5.412592e-02 -1.283848e-02 3.492867e-03
2.128803e+00 -7.633163e-01 2.653882e-01 5.663335e-03 -1.244873e-02 -3.580535e-02 1.930961e-04
7.474722e-01 1.091872e-02 -1.785600e-01 -2.862727e-02 7.149283e-02 4.371695e-03 1.425318e-03
3.315684e+00 -4.417767e-01 -3.955730e-01 3.356698e-03 3.070745e-02 -3.429414e-02 1.002156e-03
1.009249e+00 9.657046e-04 9.938442e-02 -1.118037e-02 -1.018882e-01 9.900333e-04 4.069031e-03
5.713193e-01 -4.937730e-01 -7.571377e-01 2.030099e-01 2.573944e-02 -1.678617e-02 -1.605563e-04
5.203409e-01 -2.464847e-01 1.445988e-01 6.838849e-03 -3.303508e-02 -5.631197e-02 -5.016615e-03
9.618698e+00 -3.284076e-01 -3.530740e-01 -7.755670e-02 3.573404e-02 -3.323760e-02 5.374147e-03
4.787989e+00 4.455464e-03 1.505062e-04 2.882782e-05 -1.661571e-02 4.918782e-01 -4.822852e-02
4.768504e+00 2.190246e-01 4.541452e-01 -1.852709e-02 -4.224898e-02 2.037579e-02 2.647959e-03
8.501035e+00 3.239847e-01 6.654824e-01 -2.554593e-02 -3.685999e-02 1.794499e-02 3.295304e-03
7.422910e+00 9.831446e-03 -1.523434e-01 -1.741488e-02 8.137815e-02 5.251722e-03 -4.847503e-03
8.369722e+00 -1.593618e-01 -1.770669e-01 -2.231389e-02 4.509148e-02 -4.058274e-02 2.231310e-03
3.427117e+00 5.459571e-01 -1.409086e-01 1.589719e-02 1.036960e-02 4.017752e-02 1.460912e-03
7.616347e-01 1.842271e-02 1.269415e-01 -7.905569e-03 -8.319611e-02 1.207405e-02 3.417157e-03
4.425505e+00 3.114284e-01 8.105505e-01 -4.931311e-02 -3.480159e-02 1.337141e-02 5.530419e-04
3.763376e+00 2.820051e-01 8.922957e-01 2.553409e-01 -2.864407e-02 9.052798e-03 -3.875215e-04
4.582764e+00 1.775349e-01 4.714667e-02 -2.935021e-03 -1.986295e-02 7.479568e-02 -2.052751e-03
9.392449e-01 1.647715e-01 -3.098636e-01 6.616515e-03 4.708846e-02 2.503952e-02 -3.578127e-03
9.683877e+00 -5.387916e-01 7.753393e-01 1.478094e-01 -2.434953e-02 -1.692075e-02 4.651166e-04
6.222793e+00 1.680496e-01 3.995365e-03 1.218758e-02 -2.030944e-03 8.542383e-02 -4.871924e-04
9.796722e+00 -5.798042e-01 -4.155818e-01 6.026692e-03 2.022219e-02 -2.821324e-02 -8.650800e-04
1.915767e+00 4.929222e-03 7.466388e-01 2.803506e-02 -3.887591e-02 2.566542e-04 8.839453e-04
3.146631e+00 -2.778627e-01 -1.704827e-01 2.076287e-02 2.908784e-02 -4.740909e-02 2.340822e-03
5.468544e+00 -3.002443e-01 3.342771e-01 3.608283e-02 -3.534021e-02 -3.174222e-02 -7.067524e-04
7.026731e+00 -4.180213e-01 -4.818704e-01 -2.119945e-02 3.032186e-02 -2.630413e-02 1.273428e-04
6.477621e+00 -2.221373e-03 5.370498e-01 -3.120602e-02 -4.581559e-02 -1.895048e-04 -3.769627e-03
8.660298e+00 -3.686696e-01 -5.717282e-01 -1.041189e-02 3.247187e-02 -2.093896e-02 7.794951e-04
4.850055e+00 -8.958220e-02 -2.167612e-01 -1.617251e-02 6.220436e-02 -2.570757e-02 -9.416718e-04
5.286556e+00 -1.735342e-01 2.184874e-01 -1.720019e-02 -5.120828e-02 -4.067232e-02 4.712347e-03
8.552630e+00 -3.602548e-01 2.527224e-01 -8.185516e-03 -3.141461e-02 -4.478139e-02 8.741826e-04
4.699644e+00 5.500504e-01 6.497945e-01 -2.569699e-02 -2.798582e-02 2.368997e-02 3.170412e-04
4.843249e+00 3.600862e-02 -1.831263e-01 -7.030937e-03 8.222837e-02 1.616879e-02 9.967215e-03
6.790413e+00 -9.931054e-01 1.117032e-01 -7.947339e-02 -3.458638e-03 -3.074928e-02 -2.755847e-03
7.233138e+00 -1.766206e-01 -6.399063e-02 -1.274692e-02 2.775994e-02 -7.662024e-02 -3.292890e-03
8.272957e+00 1.906581e-01 -7.180223e-01 4.002641e-02 4.025243e-02 1.068832e-02 -3.303526e-03
3.325207e+00 -7.724697e-02 5.183479e-02 -9.534750e-03 -5.578182e-02 -8.312905e-02 6.790841e-03
8.001065e+00 9.554567e-02 -3.520669e-01 -9.896169e-02 5.376527e-02 1.459109e-02 -2.127553e-03
9.531912e+00 -5.635339e-01 -7.843462e-01 4.483863e-02 2.906401e-02 -2.088179e-02 -1.036945e-03
6.607871e-01 -2.042521e-01 1.808163e-01 4.976691e-02 -4.238446e-02 -4.787795e-02 3.904412e-03
8.459601e+00 2.748046e-02 -6.346751e-02 1.494352e-03 1.085774e-01 4.701236e-02 -2.721341e-03
2.994167e+00 3.853081e-01 6.249158e-02 2.744241e-02 -9.030431e-03 5.567947e-02 1.222586e-03
3.974695e+00 1.455080e-01 4.688566e-03 1.394511e-02 -3.002926e-03 9.319480e-02 -6.131775e-03
7.985490e+00 -1.340718e-02 -5.438098e-02 -3.048752e-03 1.297814e-01 -3.199654e-02 3.664341e-03
8.823541e+00 -3.000070e-02 5.726309e-01 2.677641e-02 -4.675971e-02 -2.449788e-03 1.104707e-04
7.312573e-01 8.535613e-01 -2.804042e-01 -1.204284e-02 1.143940e-02 3.482197e-02 1.592837e-04
6.559755e+00 -7.809269e-01 -5.286414e-01 6.465799e-02 1.635764e-02 -2.416405e-02 -7.836470e-04
2.512052e+00 -3.073714e-01 -2.572160e-01 -5.564010e-02 3.494763e-02 -4.176220e-02 -5.291817e-03
2.487596e+00 2.421470e-01 9.750121e-02 -5.179482e-03 -2.667209e-02 6.624088e-02 1.341824e-04
4.045103e+00 -1.495341e-02 3.115339e-02 -6.348289e-03 -1.744171e-01 -8.371901e-02 1.437645e-03
8.167192e+00 8.744118e-02 2.913436e-01 1.603877e-02 -5.982839e-02 1.795634e-02 9.245761e-04
6.881046e+00 -3.732185e-03 -4.683292e-01 2.717575e-02 4.564113e-02 -3.637209e-04 -4.126728e-04
8.320822e+00 5.192408e-01 -2.228193e-01 3.021665e-02 1.710527e-02 3.986080e-02 -1.283831e-03
4.065419e+00 1.478343e-01 -2.795038e-02 -1.639790e-02 1.707513e-02 9.031327e-02 2.982487e-03
9.088664e+00 3.121252e-03 -7.253693e-01 5.193109e-02 3.306545e-02 1.422801e-04 -1.988651e-05
9.435951e+00 3.786434e-01 5.581023e-02 -2.491710e-02 -8.059706e-03 5.468091e-02 -1.884216e-03
4.670550e+00 9.000995e-02 7.463998e-01 -7.663878e-02 -3.813715e-02 4.599041e-03 -1.603392e-03
4.567920e+00 -1.384642e-01 2.168742e-01 2.540366e-02 -6.038439e-02 -3.855266e-02 2.337745e-03
5.161958e+00 1.008685e-01 -9.174228e-01 2.129193e-02 3.555741e-02 3.909453e-03 2.748901e-03
6.684811e+00 5.436045e-01 5.598006e-01 -5.767691e-02 -2.957169e-02 2.871612e-02 8.682351e-04
4.481575e+00 1.621021e-01 7.771498e-01 -9.641493e-02 -3.629195e-02 7.569969e-03 2.590819e-03
3.597225e+00 -8.993018e-01 6.739867e-02 -2.511693e-02 -2.557239e-03 -3.412128e-02 1.927700e-03
2.721347e+00 4.158297e-01 -3.059354e-01 2.323751e-03 3.022216e-02 4.107819e-02 2.528184e-03
4.955618e+00 -4.563720e-01 -5.730628e-01 9.081436e-02 2.585341e-02 -2.058897e-02 -5.081674e-04
2.891080e+00 -2.016460e-01 2.260582e-01 6.757509e-03 -4.226655e-02 -3.770216e-02 1.228418e-03
5.431706e+00 1.592814e-01 7.636082e-02 4.230554e-03 -3.659420e-02 7.633203e-02 -6.746483e-03
9.148988e+00 7.200592e-01 5.776948e-02 -1.111788e-01 -2.770488e-03 3.453235e-02 1.687636e-04
1.517361e+00 8.848563e-01 -1.784984e-01 7.109724e-02 7.221199e-03 3.579709e-02 -6.166703e-04
2.432979e+00 -7.114550e-02 5.266250e-01 2.041485e-02 -4.077218e-02 -5.508202e-03 -2.286255e-03
3.652486e+00 -8.098817e-01 5.129656e-01 -7.494801e-02 -1.934377e-02 -3.054038e-02 2.985047e-03
5.649215e+00 9.269385e-01 1.947903e-02 3.736623e-02 -7.609533e-04 3.621109e-02 -3.205328e-03
9.926782e+00 -3.236050e-02 1.086970e-01 -1.329121e-02 -8.812475e-02 -2.623587e-02 -6.344634e-03
6.320879e+00 4.036809e-01 -2.441116e-01 2.265024e-02 2.456582e-02 4.062383e-02 2.722099e-03
1.813295e+00 3.988833e-01 -2.212141e-01 5.580988e-02 2.368522e-02 4.270811e-02 6.231989e-03
3.319740e+00 -6.228017e-01 -2.567346e-02 -7.293391e-02 1.567180e-03 -3.801756e-02 2.804556e-03
5.800356e+00 -8.596715e-01 1.147622e-01 1.125184e-01 -4.723238e-03 -3.538129e-02 4.831293e-03
6.490236e+00 -4.590455e-01 3.981977e-01 -2.835285e-02 -2.720354e-02 -3.136046e-02 3.508668e-03
8.014549e-01 5.677529e-01 3.539357e-01 8.583504e-02 -2.251862e-02 3.612241e-02 -1.086191e-03
9.472041e-01 2.351010e-01 6.187384e-01 -1.940342e-01 -3.969336e-02 1.508221e-02 -1.908647e-03
9.592320e+00 6.351733e-01 -7.208860e-02 -2.454928e-02 4.944205e-03 4.356344e-02 3.366020e-03
2.700596e+00 4.796631e-01 2.967193e-01 1.938650e-02 -1.972145e-02 3.188080e-02 -6.673695e-04
3.074269e+00 -9.005640e-01 3.962853e-01 1.285506e-01 -1.446480e-02 -3.287146e-02 1.413186e-03
5.508548e+00 9.099622e-02 1.688837e-01 -2.853151e-02 -6.609460e-02 3.561243e-02 -4.689324e-03
1.280653e+00 -5.620842e-02 -1.323226e-02 -3.088676e-03 3.331238e-02 -1.415054e-01 4.321345e-04
5.806075e+00 -7.280325e-03 -2.770499e-02 -1.542350e-03 1.943999e-01 -5.108445e-02 -2.143655e-03
5.480475e+00 -2.314747e-01 8.806067e-01 -7.764763e-02 -3.584516e-02 -9.422192e-03 1.443658e-03
8.835163e+00 -3.439186e-01 -3.606344e-01 5.979162e-02 3.358233e-02 -3.202576e-02 -3.075285e-03
4.607630e+00 -3.394570e-01 -7.069771e-01 4.091498e-03 3.488968e-02 -1.675237e-02 1.891543e-03
9.042601e-01 -2.279990e-01 8.409345e-01 -3.624868e-02 -3.350896e-02 -9.085141e-03 2.956187e-04
2.298774e+00 2.340963e-01 -8.049859e-01 7.402947e-03 3.629932e-02 1.055613e-02 -1.693637e-03
7.264352e+00 3.271655e-02 7.690708e-01 -5.244827e-02 -3.932874e-02 1.673059e-03 -9.754909e-04
1.227807e+00 -2.662098e-01 -7.870174e-01 -2.493898e-02 3.449428e-02 -1.166774e-02 7.925595e-04
1.847248e+00 8.124928e-01 2.391569e-02 7.102235e-02 -1.188473e-03 4.037625e-02 -9.147516e-04
2.454741e+00 -4.751521e-02 7.030523e-01 -1.144567e-02 -3.655407e-02 -2.470476e-03 2.058633e-03
6.749398e+00 2.889077e-02 6.529184e-01 7.082174e-02 -4.296739e-02 1.901250e-03 3.314400e-03
5.849171e+00 -1.444611e-01 4.216706e-02 2.632243e-02 -2.016609e-02 -6.908749e-02 5.337209e-03
9.161191e+00 4.602530e-01 1.807326e-01 -7.655963e-03 -1.752628e-02 4.463237e-02 1.262203e-03
5.459769e+00 3.676949e-01 7.630300e-01 -4.433089e-02 -2.800359e-02 1.349459e-02 1.295869e-03
4.039592e+00 4.142894e-01 1.542587e-01 -5.808151e-02 -1.765870e-02 4.742562e-02 -4.175143e-03
5.892567e+00 4.518720e-01 -5.364549e-01 -5.634983e-02 2.905910e-02 2.447735e-02 -1.182823e-04
3.016134e+00 1.491926e-01 -2.010207e-01 -3.126754e-02 4.522805e-02 3.356714e-02 -5.685508e-04
8.525688e+00 -2.270287e-01 -5.465250e-01 -1.079195e-01 3.819386e-02 -1.586588e-02 -2.096179e-03
1.120260e+00 2.229644e-01 -1.460974e-01 -3.935848e-02 3.181761e-02 4.855798e-02 -3.099883e-04
6.778379e+00 -4.811471e-01 2.515082e-01 3.332801e-02 -2.029488e-02 -3.882507e-02 6.703935e-04
5.705076e+00 4.152057e-01 -3.558655e-01 9.453910e-02 3.058090e-02 3.568023e-02 -2.929909e-03
4.060618e+00 -4.725908e-01 2.704639e-01 -5.989011e-02 -2.034516e-02 -3.554980e-02 -2.087321e-03
6.874185e+00 -1.189937e-01 -5.400754e-02 -6.465892e-03 3.799549e-02 -8.371473e-02 1.225636e-03
5.389390e+00 5.617787e-01 -7.273122e-02 -4.130638e-02 5.225716e-03 4.036364e-02 4.444739e-03
5.805069e+00 -7.555899e-01 -1.500685e-01 -3.763250e-03 6.596198e-03 -3.321163e-02 -5.803212e-04
3.093529e+00 2.983762e-01 8.301269e-02 1.371699e-03 -1.565638e-02 5.627441e-02 -3.368144e-03
4.752033e+00 -1.546851e-02 -6.433428e-02 6.359916e-03 1.356274e-01 -3.261020e-02 4.748099e-03
3.092727e+00 -4.041797e-01 1.870599e-01 6.449098e-02 -1.949147e-02 -4.211515e-02 -2.947206e-03
5.818352e+00 -7.045493e-02 -7.646209e-01 3.052178e-02 4.098546e-02 -3.776548e-03 4.996189e-05
7.563918e+00 5.571295e-02 6.720769e-02 -3.123712e-03 -8.426649e-02 6.985414e-02 -1.179100e-03
9.783474e+00 -1.120715e-02 -9.281600e-02 6.010055e-04 1.155831e-01 -1.395619e-02 8.238435e-03
1.595311e+00 -5.409977e-01 7.508482e-01 -9.332587e-02 -2.885378e-02 -2.078960e-02 -1.340615e-04
8.188273e+00 8.676220e-01 -2.434200e-01 6.631474e-02 9.436049e-03 3.363292e-02 7.552035e-04
7.616189e-01 -8.478697e-01 -1.656020e-01 3.101298e-02 6.029987e-03 -3.087308e-02 -3.489447e-03
3.556802e+00 1.448268e-01 -4.969894e-01 -4.826657e-03 3.864697e-02 1.126204e-02 -1.738964e-03
6.761939e+00 3.421118e-01 5.200969e-01 -3.654235e-02 -3.749063e-02 2.466076e-02 -1.034965e-03
4.953640e+00 -6.624714e-02 -1.119797e-01 3.343044e-02 7.050102e-02 -4.170838e-02 -2.181757e-04
8.170999e+00 -1.497652e-01 6.053262e-02 -8.975403e-03 -2.837006e-02 -7.019104e-02 2.604901e-03
5.608217e+00 9.016114e-02 1.847238e-01 -1.931839e-02 -6.415333e-02 3.131237e-02 -4.908619e-03
3.246623e+00 -5.539214e-01 5.389681e-02 -1.004135e-01 -3.640317e-03 -3.741315e-02 -3.137690e-03
5.425500e+00 4.572776e-01 1.839556e-01 6.788673e-02 -1.779919e-02 4.424529e-02 2.516791e-03
5.590554e+00 -4.657356e-01 1.056865e-01 9.274606e-03 -1.096501e-02 -4.832025e-02 2.164755e-03
6.614849e+00 6.396918e-01 -1.992737e-01 1.087761e-02 1.126431e-02 3.615974e-02 2.045700e-05
8.445423e+00 -8.541626e-01 1.533074e-02 8.925740e-02 -6.397350e-04 -3.564327e-02 3.911827e-04
1.732209e+00 1.338481e-01 -4.033249e-01 -4.494632e-02 4.803846e-02 1.594212e-02 1.892278e-03
2.294314e+00 1.444131e-01 4.183900e-01 5.090819e-02 -4.362145e-02 1.505655e-02 2.153420e-03
8.101964e+00 -1.564030e-01 1.345263e-01 6.959088e-03 -4.249990e-02 -4.941127e-02 -4.578980e-03
8.455344e+00 5.112581e-01 -2.764103e-01 -2.279681e-02 1.966629e-02 3.637544e-02 -1.627202e-03
6.089955e+00 9.367905e-01 -3.063012e-01 6.932941e-02 9.845525e-03 3.011151e-02 1.013965e-03
5.202365e+00 -6.118389e-01 -3.893449e-01 -1.095829e-02 2.288191e-02 -3.595793e-02 2.045835e-03
7.454598e+00 2.067865e-01 -1.154396e-01 -8.748524e-03 2.818506e-02 5.048777e-02 -4.392298e-03
4.886471e+00 -7.464574e-01 6.157799e-01 -5.252791e-02 -2.368262e-02 -2.870842e-02 -2.932094e-04
1.071703e+00 1.085681e-01 6.979351e-02 -1.739232e-02 -5.020442e-02 7.809605e-02 6.151668e-03
3.121083e+00 9.265044e-01 -2.977297e-01 2.570487e-02 8.813194e-03 2.742576e-02 2.686978e-03
7.433762e+00 7.794597e-01 1.315882e-01 -6.554708e-02 -5.943257e-03 3.520475e-02 -2.465989e-04
8.911353e-01 -1.472534e-02 1.042704e-01 -5.511375e-03 -8.794013e-02 -1.241913e-02 1.323359e-02
9.091133e+00 3.231952e-01 1.484344e-01 -8.237800e-03 -2.246717e-02 4.891915e-02 -1.264739e-03
7.143108e+00 -3.184178e-01 -3.996813e-01 7.582096e-02 3.497673e-02 -2.786523e-02 -7.254446e-04
8.995555e+00 -1.805444e-01 -4.637339e-02 -1.512865e-02 1.952185e-02 -7.600394e-02 3.293527e-03
6.746371e-01 -5.159547e-01 4.536061e-01 -4.587636e-02 -2.668421e-02 -3.035198e-02 1.656084e-03
3.845421e+00 9.719925e-02 2.180075e-02 -3.940546e-03 -2.377132e-02 1.059851e-01 7.013168e-03
7.620754e+00 5.023615e-01 -5.567812e-01 2.168104e-01 2.544758e-02 2.296034e-02 -1.607219e-03
9.576839e+00 -7.805587e-01 1.645199e-01 -3.043229e-02 -7.469664e-03 -3.543955e-02 -8.983213e-04
8.037642e+00 2.893898e-01 -3.168820e-01 -7.739023e-02 3.183853e-02 2.907626e-02 -4.076251e-05
3.846191e+00 -4.622993e-01 -8.201775e-01 4.061963e-03 3.284754e-02 -1.851477e-02 -1.497943e-03
9.045821e+00 -1.287272e-01 1.439694e-01 -1.864889e-02 -6.054523e-02 -5.413526e-02 -1.646676e-03
1.002997e+00 1.886899e-01 -1.937314e-02 3.906547e-03 7.754127e-03 7.552342e-02 -3.138093e-03
4.272858e+00 -3.419845e-01 -2.321690e-04 -2.921155e-02 3.468825e-05 -5.109575e-02 7.669109e-04
2.526315e+00 -1.919776e-01 7.326451e-02 5.406889e-03 -2.290941e-02 -6.003034e-02 3.475635e-03
5.875712e+00 8.802790e-01 6.209790e-02 -1.703721e-02 -2.629791e-03 3.727904e-02 -1.580480e-03
2.385524e+00 4.875129e-01 -2.308679e-01 -4.988934e-02 1.928236e-02 4.071766e-02 -9.374533e-04
7.203844e-01 6.269618e-01 -1.475674e-01 5.699950e-02 9.546883e-03 4.056133e-02 2.250263e-03
8.461929e+00 -2.310617e-01 -9.501542e-01 1.796346e-02 2.996037e-02 -7.285864e-03 -8.850617e-04
7.235552e+00 4.142157e-01 -6.519590e-01 1.046161e-01 3.200586e-02 2.033461e-02 -4.599291e-04
9.178090e+00 2.307858e-02 -2.007084e-01 -2.658767e-02 6.760169e-02 7.773221e-03 4.277662e-04
6.812451e+00 4.426742e-01 -2.906384e-01 9.919263e-02 2.168103e-02 3.302259e-02 1.950985e-03
7.672670e+00 -2.140174e-02 2.751587e-01 3.974558e-03 -6.344664e-02 -4.934856e-03 -2.686589e-03
9.671983e+00 4.466000e-01 4.197446e-02 -3.373214e-02 -4.962647e-03 5.280158e-02 2.445064e-03
7.798024e+00 6.898527e-01 3.586747e-02 -2.452285e-02 -1.887119e-03 3.629567e-02 1.350621e-04
6.023229e+00 -1.369036e-01 -8.639720e-01 3.925958e-02 3.736612e-02 -5.920974e-03 -1.240705e-03
3.189511e+00 4.944833e-03 -9.964274e-01 -2.469655e-01 3.406488e-02 1.690491e-04 6.695919e-04
2.135850e+00 -6.636875e-01 3.782854e-01 -3.276643e-02 -2.017505e-02 -3.539637e-02 1.412451e-03
2.231180e+00 4.423634e-01 -7.526530e-01 3.345335e-02 2.744563e-02 1.613087e-02 -1.813389e-03
8.991557e+00 2.314147e-01 -2.748825e-01 1.606332e-03 3.641540e-02 3.065695e-02 3.926849e-03
9.184557e+00 -5.883238e-01 1.174302e-01 3.879575e-02 -8.544154e-03 -4.280610e-02 5.627944e-04
3.997678e+00 2.687647e-01 8.525260e-02 3.040417e-03 -1.759824e-02 5.547966e-02 2.158510e-03
4.690293e+00 -4.938082e-01 3.375640e-01 8.404084e-02 -2.262842e-02 -3.310218e-02 -3.110989e-04
8.137116e+00 -6.629114e-02 -5.237077e-02 -1.149967e-02 6.397403e-02 -8.097859e-02 3.597319e-03
3.283265e+00 -1.715009e-02 -4.600604e-01 5.703342e-02 4.533954e-02 -1.690164e-03 2.999235e-03
9.547635e+00 5.298663e-01 3.904892e-01 7.096674e-02 -2.322159e-02 3.151005e-02 -1.794456e-03
4.375882e+00 -6.983303e-01 3.739997e-01 7.227471e-02 -1.649333e-02 -3.079627e-02 -5.668621e-04
6.826350e+00 -7.639786e-02 2.646506e-01 -2.498590e-02 -5.644331e-02 -1.629374e-02 1.332349e-03
1.533121e+00 8.241615e-02 8.567999e-02 2.820852e-03 -6.544316e-02 6.295021e-02 4.322345e-03
6.179240e+00 -2.968308e-01 5.616441e-01 -1.159780e-01 -3.366582e-02 -1.779250e-02 -1.354442e-03
1.488445e+00 3.383416e-04 -1.970719e-03 -1.207751e-04 7.111756e-01 1.220977e-01 1.835678e-02
7.945762e+00 6.388578e-01 -3.255574e-02 -2.599479e-02 1.992895e-03 3.910759e-02 9.280159e-04
1.166407e+00 -4.749546e-02 3.654028e-01 -1.853917e-02 -4.654156e-02 -6.049523e-03 -1.149765e-03
2.366962e+00 4.673308e-01 -6.633538e-01 1.219589e-01 3.293201e-02 2.320050e-02 2.613545e-04
1.003319e+00 1.334324e-01 1.804341e-01 -1.578053e-02 -5.959765e-02 4.407292e-02 8.489938e-04
7.246375e+00 -4.576016e-01 8.352580e-01 1.281209e-01 -3.136030e-02 -1.718095e-02 1.082602e-03
6.898986e+00 -4.818388e-01 4.031601e-05 -1.950873e-02 -3.847139e-06 -4.597928e-02 -3.566397e-03
4.991975e+00 -2.530827e-02 -3.283594e-01 1.350947e-02 5.799218e-02 -4.469742e-03 -5.058017e-03
7.855553e+00 4.051431e-02 1.746257e-02 9.404582e-04 -5.748287e-02 1.333641e-01 -5.323980e-03
6.620157e-01 -4.710816e-02 -4.275850e-02 1.753437e-03 7.639890e-02 -8.417066e-02 -7.334395e-03
2.658275e+00 -2.753798e-01 -3.713273e-01 2.850452e-02 4.173603e-02 -3.095184e-02 -5.493058e-03
6.625587e+00 -1.806964e-02 -5.207893e-01 1.205003e-01 4.879725e-02 -1.693100e-03 1.987758e-04
9.640704e+00 3.613049e-02 4.067906e-02 -4.299708e-03 -9.259345e-02 8.224004e-02 -1.095704e-02
5.058147e+00 -2.891195e-01 -8.181713e-01 1.492454e-01 3.051890e-02 -1.078455e-02 -2.170794e-03
1.717613e+00 1.265064e-01 2.079658e-01 3.175179e-02 -6.010013e-02 3.655912e-02 -3.049223e-03
2.155156e+00 2.913523e-01 -2.286028e-01 -1.273484e-02 3.217514e-02 4.100694e-02 -3.528132e-03
2.831849e+00 3.761086e-01 6.140306e-01 -1.752230e-01 -3.246485e-02 1.988550e-02 -1.454796e-03
4.170062e+00 -7.282301e-01 -6.567441e-01 -2.068904e-03 2.216894e-02 -2.458201e-02 -1.136768e-04
1.631712e+00 1.773926e-01 1.103216e-01 -3.254907e-02 -3.350071e-02 5.386778e-02 -2.148122e-04
2.791306e+00 3.056638e-01 3.204531e-03 3.116344e-02 -6.329346e-04 6.037239e-02 3.465957e-03
2.407171e+00 -3.525964e-01 -5.585642e-01 -3.308941e-02 3.000914e-02 -1.894342e-02 2.513823e-03
8.392394e+00 1.293378e-01 -2.839659e-02 2.037645e-02 1.963090e-02 8.941277e-02 3.155357e-03
9.134770e+00 5.906072e-02 1.030194e-01 -1.302717e-02 -7.792439e-02 4.467384e-02 -2.149716e-03
8.959907e+00 7.409786e-02 -3.683711e-02 -8.097564e-05 5.326383e-02 1.071402e-01 -8.078386e-03
3.610239e+00 -3.364293e-01 -3.242610e-01 8.376671e-02 3.684536e-02 -3.822802e-02 -3.475455e-03
3.970572e+00 1.384956e-01 1.122880e-01 -1.069351e-02 -4.865276e-02 6.000815e-02 -3.225930e-03
1.221622e+00 8.157873e-01 -5.593982e-01 -4.016825e-02 1.846551e-02 2.692881e-02 1.374250e-03
2.320408e+00 -2.755316e-01 6.399530e-01 -1.911256e-02 -3.169666e-02 -1.364699e-02 -1.287538e-04
9.938687e+00 -8.054828e-01 -4.124785e-01 9.070336e-02 1.561012e-02 -3.048325e-02 -2.225980e-03
4.134435e+00 -9.388788e-02 6.068055e-01 3.012769e-03 -4.556766e-02 -7.050449e-03 6.296635e-03
6.934762e+00 1.715699e-01 4.835040e-03 -2.742549e-02 -2.156334e-03 7.651684e-02 1.049750e-03
5.895063e+00 -7.282324e-01 -5.760294e-01 -1.224001e-01 2.089653e-02 -2.641798e-02 -2.859481e-03
5.235061e+00 -4.003048e-01 3.686697e-02 -9.622348e-03 -4.233392e-03 -4.596654e-02 -2.680204e-03
9.360686e+00 -1.219977e-02 -2.413634e-02 4.785529e-04 1.952334e-01 -9.868120e-02 9.104452e-03
7.731742e+00 -2.270627e-01 1.077883e-02 -6.137396e-03 -3.543753e-03 -7.465135e-02 1.790004e-03
5.748200e+00 1.879819e-02 5.641290e-01 -2.620966e-02 -4.303371e-02 1.433991e-03 1.343513e-03
2.025864e+00 2.778474e-01 5.430186e-01 3.327682e-02 -3.740602e-02 1.913961e-02 -1.444137e-03
1.918298e+00 -2.720837e-01 2.670958e-01 9.765345e-02 -3.540170e-02 -3.606281e-02 7.001642e-04
8.541883e+00 -2.448416e-01 2.222790e-01 6.962789e-02 -4.160056e-02 -4.582325e-02 -2.620134e-04
9.555106e+00 2.675011e-01 -2.733913e-01 2.877101e-02 3.689315e-02 3.609828e-02 5.009648e-05
8.128266e+00 5.827518e-02 -1.253820e-02 8.789638e-03 3.112241e-02 1.446511e-01 3.611108e-03
4.077988e+00 1.840923e-01 -3.534309e-01 5.036686e-03 4.864309e-02 2.533682e-02 3.013506e-03
1.855635e+00 2.117931e-01 3.756624e-01 -4.368151e-02 -4.269867e-02 2.407289e-02 -2.380346e-03
8.060782e+00 2.241619e-01 3.728569e-01 -2.481706e-02 -4.179803e-02 2.512902e-02 -7.873211e-04
4.847520e+00 -8.470097e-03 4.490949e-04 1.465335e-03 -1.763774e-02 -3.326544e-01 5.314363e-03
7.461171e+00 5.408815e-01 7.394885e-02 -4.678361e-02 -5.242249e-03 3.834320e-02 -3.583365e-03
4.759672e+00 7.409018e-01 -8.933646e-02 -8.397755e-02 3.920522e-03 3.251440e-02 -1.099920e-03
5.122419e+00 -2.146561e-01 -8.920815e-01 -6.821972e-02 3.047795e-02 -7.333722e-03 1.432908e-04
4.966421e+00 7.753431e-01 5.716637e-01 -2.408489e-01 -2.139514e-02 2.901806e-02 -3.967751e-04
9.735428e+00 -2.840453e-01 2.988647e-01 -8.744750e-02 -3.657583e-02 -3.476219e-02 3.431997e-03
6.605127e+00 -2.229052e-01 2.936174e-01 1.928082e-02 -4.703238e-02 -3.570553e-02 -1.508334e-03
8.531256e+00 1.972993e-01 -7.224234e-01 -7.829484e-02 3.913432e-02 1.068788e-02 4.970798e-04
5.180548e+00 -2.734026e-01 -1.116419e-01 -1.324551e-02 2.229371e-02 -5.459560e-02 4.467529e-03
4.205552e+00 -2.578064e-01 4.312081e-01 -1.132952e-02 -4.309171e-02 -2.576324e-02 -1.237572e-03
5.418291e+00 -4.025378e-01 1.741436e-01 2.480528e-02 -2.086458e-02 -4.822906e-02 -3.760344e-03
5.221999e+00 -1.516650e-01 1.133528e-01 2.692304e-02 -4.122499e-02 -5.515866e-02 -5.824183e-03
2.583184e+00 -3.020076e-01 -8.821450e-01 -2.738680e-01 2.761634e-02 -9.454618e-03 -6.411013e-05
4.593686e+00 5.689982e-02 2.590256e-01 -7.218917e-03 -5.450528e-02 1.197310e-02 1.013406e-03
9.675952e-01 -4.383926e-01 -6.108579e-01 -7.138349e-02 3.403471e-02 -2.442559e-02 -9.600875e-04
6.799220e-01 7.474637e-02 7.187215e-01 4.087997e-02 -4.162265e-02 4.328718e-03 8.728822e-04
5.344068e+00 5.639900e-01 -6.472766e-01 -3.107491e-05 2.653834e-02 2.312358e-02 8.714396e-04
3.806421e+00 -2.999668e-01 2.124330e-01 -6.550719e-03 -3.315813e-02 -4.682107e-02 9.353306e-04
8.654265e+00 3.972142e-01 6.919495e-01 6.211411e-02 -2.898119e-02 1.663668e-02 3.649735e-03
8.166744e+00 -1.733675e-01 5.545266e-01 -2.327829e-02 -4.416144e-02 -1.380666e-02 3.472935e-03
5.680043e+00 -6.206230e-02 7.320689e-02 -8.749716e-03 -7.951788e-02 -6.741254e-02 -3.545662e-03
9.317291e+00 7.918827e-01 4.304314e-01 -7.581152e-02 -1.462082e-02 2.689853e-02 -3.547003e-03
8.883130e+00 8.750054e-01 4.724186e-01 1.804839e-01 -1.420417e-02 2.630871e-02 1.077318e-03
7.559379e+00 -2.748841e-01 4.908335e-01 6.946230e-02 -3.691047e-02 -2.067117e-02 1.366664e-03
6.888455e+00 7.162092e-01 1.558349e-01 -1.429110e-04 -8.790383e-03 4.040014e-02 2.454708e-03
4.814781e+00 -5.032558e-01 2.306489e-01 2.702187e-02 -1.664503e-02 -3.631799e-02 5.381839e-03
3.383865e+00 -9.399848e-02 2.633377e-02 5.371556e-03 -2.440221e-02 -8.710377e-02 -5.766518e-03
9.950523e+00 -5.320290e-01 4.040164e-01 7.849752e-03 -2.279082e-02 -3.001209e-02 7.153367e-04
2.656164e+00 -2.950377e-01 4.570599e-01 -5.435418e-02 -3.888254e-02 -2.509915e-02 -9.269149e-04
4.159246e+00 -2.937581e-01 9.209609e-01 -1.999876e-02 -3.117721e-02 -9.944570e-03 1.261673e-03
5.320959e+00 2.557931e-01 1.754562e-02 4.651566e-02 -4.701351e-03 6.853979e-02 -2.771906e-03
6.235806e+00 -6.907190e-03 2.255888e-01 6.517882e-03 -7.610010e-02 -2.330071e-03 -6.265714e-03
1.230087e+00 -6.743910e-01 -2.960548e-02 -1.873917e-02 1.915090e-03 -4.362435e-02 2.428552e-04
9.712960e-01 -2.886647e-01 -8.632761e-01 -1.763998e-01 3.488512e-02 -1.166499e-02 -8.393799e-04
7.863043e+00 -8.557661e-02 -9.707101e-01 -1.834228e-02 3.493844e-02 -3.080130e-03 1.999450e-03
3.034020e+00 -1.319436e-01 2.492575e-01 3.196973e-02 -5.036750e-02 -2.666187e-02 1.758723e-03
7.836735e+00 -5.875736e-01 5.788394e-01 9.011660e-02 -2.683624e-02 -2.724118e-02 -5.059818e-04
4.120675e+00 -3.705291e-01 -5.008756e-01 -8.712724e-02 3.299423e-02 -2.440790e-02 2.854675e-03
6.917110e+00 5.757597e-01 -5.380276e-01 -4.321269e-02 2.653674e-02 2.839778e-02 -3.183272e-03
6.411332e+00 -9.527699e-02 1.526730e-01 2.808045e-02 -6.977481e-02 -4.354362e-02 -8.051254e-04
5.995294e+00 1.501846e-01 6.303570e-01 -8.093120e-02 -4.355427e-02 1.037694e-02 2.331380e-03
9.068052e+00 6.999374e-01 -3.576429e-01 8.676192e-02 1.684500e-02 3.296708e-02 -1.734770e-03
7.267468e+00 7.530869e-02 1.683993e-01 1.636903e-02 -7.688703e-02 3.438412e-02 -8.219639e-04
6.002949e+00 2.593519e-02 -4.526425e-02 4.321145e-03 1.382494e-01 7.921314e-02 1.131473e-02
2.727485e+00 6.480998e-01 2.222922e-01 2.628177e-02 -1.274036e-02 3.714490e-02 -4.220869e-05
9.608057e+00 -7.941646e-01 5.208418e-01 6.945388e-03 -1.940110e-02 -2.958224e-02 1.471952e-03
5.573902e+00 1.583809e-01 6.063531e-01 -7.298337e-02 -3.710470e-02 9.691838e-03 -6.785969e-05
7.293821e+00 -2.744221e-01 9.222207e-01 -1.507681e-01 -2.914243e-02 -8.671815e-03 -3.980563e-04
6.788082e+00 3.396686e-01 -2.010591e-01 3.454815e-03 2.404925e-02 4.062871e-02 -3.486608e-03
8.837106e+00 -9.556213e-01 6.784181e-02 -8.283689e-02 -2.330999e-03 -3.283450e-02 1.481241e-03
5.157758e+00 1.453021e-01 3.357853e-02 -1.415016e-03 -1.674480e-02 7.245866e-02 2.206744e-03
8.777437e+00 5.576211e-01 4.814526e-01 -5.858641e-02 -2.272579e-02 2.632114e-02 -2.092386e-07
1.417685e+00 -4.538229e-01 -3.175793e-01 5.696617e-03 2.472383e-02 -3.533052e-02 -1.606324e-03
3.442469e+00 2.488437e-01 7.980652e-03 1.559771e-02 -2.325392e-03 7.250775e-02 -2.719282e-03
4.872082e+00 4.571150e-01 -5.126715e-01 -7.718778e-02 3.002786e-02 2.677384e-02 7.642693e-04
9.596687e+00 1.414333e-02 -2.072317e-02 3.306617e-03 1.586146e-01 1.082526e-01 -9.511983e-03
7.095815e-01 5.279572e-01 2.507875e-01 -5.469023e-02 -1.803859e-02 3.797478e-02 6.875811e-04
1.697932e+00 -1.981785e-01 -8.506597e-04 1.244344e-02 3.436076e-04 -8.005037e-02 -5.433295e-03
1.341844e+00 -1.617522e-01 -6.209310e-01 -4.160033e-02 4.269899e-02 -1.112306e-02 6.432820e-04
8.905727e+00 -1.101135e-01 -1.859878e-01 -1.256453e-02 6.202909e-02 -3.672413e-02 1.289078e-03
7.349971e+00 2.924167e-01 -4.852735e-01 -2.380649e-02 3.323136e-02 2.002459e-02 1.374549e-03
1.578784e+00 -9.610012e-02 5.894775e-01 6.934910e-02 -3.703590e-02 -6.037813e-03 4.827892e-04
7.241794e+00 -2.649191e-01 5.184329e-01 8.165940e-02 -4.068619e-02 -2.079063e-02 5.043208e-03
7.816727e+00 2.947606e-02 9.262670e-01 4.568505e-02 -3.362602e-02 1.070062e-03 1.755952e-03
6.494462e+00 -3.263673e-01 2.938907e-01 -6.612788e-02 -3.149842e-02 -3.497918e-02 1.281733e-03
6.306955e+00 1.865684e-01 5.671331e-01 4.830965e-02 -4.121485e-02 1.355835e-02 -1.588463e-03
1.114601e+00 -5.955379e-01 -4.086156e-02 1.589582e-02 2.880273e-03 -4.197861e-02 -1.138697e-03
4.634630e+00 1.882201e-01 6.121133e-01 1.195840e-01 -3.681403e-02 1.132003e-02 -2.516397e-03
2.250250e+00 8.115753e-01 -5.535608e-01 -1.341192e-01 1.661833e-02 2.436413e-02 2.639798e-03
8.327506e+00 1.113756e-01 9.811886e-01 9.930353e-02 -2.866488e-02 3.253775e-03 -1.699703e-03
4.584262e+00 -7.028188e-01 6.949951e-01 -7.925649e-02 -2.168720e-02 -2.193133e-02 1.688877e-03
2.745755e+00 8.027400e-05 1.032516e-01 -1.343487e-02 -1.119912e-01 8.706872e-05 -9.189610e-03
2.012070e+00 -3.124922e-01 -2.086017e-01 9.805502e-03 3.210766e-02 -4.809833e-02 1.409875e-03
6.052176e+00 -8.485557e-02 1.468523e-02 2.849641e-03 -1.867426e-02 -1.079054e-01 -8.171501e-03
5.210765e+00 2.792729e-01 -2.328699e-01 -6.118840e-02 3.465121e-02 4.155602e-02 4.651609e-03
9.650418e+00 -5.261484e-01 -1.600025e-01 -8.130338e-02 1.267015e-02 -4.166421e-02 8.730936e-04
6.955668e+00 4.752390e-01 -4.030689e-01 4.467140e-02 2.871736e-02 3.385924e-02 -2.896798e-03
6.829343e+00 -4.797043e-01 3.930304e-01 -1.771520e-02 -2.548596e-02 -3.110630e-02 8.885495e-04
5.681637e+00 -5.377938e-01 3.245546e-01 -3.256738e-02 -1.867121e-02 -3.093858e-02 1.141217e-04
7.865664e+00 1.339063e-01 -2.964817e-01 -3.259853e-02 5.094372e-02 2.300880e-02 3.735576e-03
1.017510e+00 -4.692332e-01 1.225224e-01 -4.931652e-02 -1.059685e-02 -4.058357e-02 -4.710550e-04
5.663829e+00 -1.376124e-01 8.026262e-02 -8.943120e-05 -3.840028e-02 -6.583829e-02 -7.210337e-03
2.319157e+00 -6.894123e-02 4.283483e-01 2.354220e-02 -5.340169e-02 -8.594823e-03 2.711949e-03
3.740979e+00 -1.632622e-01 -2.429543e-01 2.570408e-02 5.157340e-02 -3.465667e-02 -1.208612e-03
2.860447e+00 2.406674e-01 4.635219e-01 -5.382433e-03 -4.295386e-02 2.230228e-02 -4.494546e-03
5.774539e+00 -2.891982e-01 -1.679365e-01 -1.433570e-02 3.161875e-02 -5.444967e-02 3.978031e-03
1.940665e+00 -7.503901e-01 3.193683e-01 -6.556682e-03 -1.262618e-02 -2.966657e-02 5.263797e-04
1.542155e+00 4.490501e-01 -1.051042e-01 -3.329210e-02 1.215233e-02 5.191994e-02 -2.534951e-03
9.022385e+00 3.599721e-03 6.272426e-01 -5.019629e-02 -3.668507e-02 2.105342e-04 -1.969237e-03
9.862984e+00 -2.255823e-01 -1.292995e-01 2.977769e-02 3.020355e-02 -5.269460e-02 1.581766e-03
8.382375e+00 3.842323e-02 2.280713e-01 1.012179e-02 -6.917201e-02 1.165342e-02 1.001043e-03
6.356780e+00 4.199542e-01 4.234618e-01 -4.777314e-02 -3.361037e-02 3.333197e-02 2.561084e-03
1.654319e+00 -4.234180e-01 -2.074153e-01 2.645188e-03 1.983746e-02 -4.049622e-02 -2.235009e-03
8.893525e-01 -3.767166e-01 6.298773e-01 -2.839946e-02 -3.016664e-02 -1.804204e-02 -1.532324e-03
9.831383e-01 1.123971e-01 -5.470516e-01 -5.142541e-02 4.431320e-02 9.104583e-03 -6.928506e-04
7.021872e+00 -1.279191e-01 1.457992e-01 -1.679331e-02 -5.807223e-02 -5.095052e-02 4.611718e-03
4.409226e+00 -1.368374e-01 -3.043317e-01 -6.008325e-02 5.235425e-02 -2.354017e-02 -3.560960e-03
1.708537e+00 4.469810e-01 -8.385267e-01 -5.639185e-02 3.198109e-02 1.704768e-02 6.332664e-04
5.511037e+00 -2.215217e-01 -8.653984e-01 -2.807103e-02 2.914440e-02 -7.460283e-03 1.039395e-03
2.917566e+00 6.543120e-01 1.039269e-01 -3.735874e-03 -5.969454e-03 3.758300e-02 -7.007230e-04
1.836521e+00 1.204713e-01 1.309505e-01 -1.979615e-02 -4.909861e-02 4.516954e-02 -3.606721e-04
4.642811e+00 -1.562332e-01 -5.696638e-02 -3.559020e-04 2.730206e-02 -7.487727e-02 2.240081e-03
6.472753e-01 -1.095828e-01 -2.598492e-01 -5.349116e-02 4.916274e-02 -2.073276e-02 2.121059e-04
8.753079e+00 7.000315e-02 5.347157e-01 -8.324872e-05 -4.840005e-02 6.336370e-03 3.236876e-03
7.760438e+00 2.658425e-01 -7.583094e-01 -1.006867e-03 3.411727e-02 1.196058e-02 4.252157e-04
8.325379e+00 -9.726733e-02 7.780245e-02 -5.224611e-03 -6.219845e-02 -7.775946e-02 2.329254e-03
2.290175e+00 -5.420067e-01 6.218992e-01 1.234917e-01 -2.830985e-02 -2.467301e-02 4.401791e-04
9.449005e+00 -8.517269e-01 -2.333257e-01 -1.440520e-01 8.484551e-03 -3.097181e-02 -3.633737e-04
8.537208e+00 7.634351e-02 -9.162211e-02 2.025387e-02 7.423814e-02 6.185844e-02 5.446454e-03
6.093481e+00 -5.765085e-01 2.922577e-01 -9.573334e-03 -1.629833e-02 -3.215014e-02 6.984370e-04
3.512442e+00 -5.197117e-01 -2.140611e-01 -1.579940e-01 1.480800e-02 -3.595183e-02 -8.187102e-04
9.806257e+00 -8.634629e-01 2.931551e-02 3.386714e-02 -1.154698e-03 -3.401062e-02 2.381890e-03
9.350826e+00 1.626419e-02 -4.802509e-02 1.230849e-02 1.361333e-01 4.610295e-02 7.182017e-03
9.143935e+00 2.426602e-01 -6.481678e-01 -2.247093e-02 3.174493e-02 1.188463e-02 -1.780236e-04
5.143177e+00 -7.575461e-01 -3.771838e-01 -5.131012e-02 1.669921e-02 -3.353915e-02 1.987299e-04
8.713645e+00 4.399465e-01 5.719514e-01 1.223878e-01 -3.194918e-02 2.457539e-02 8.826400e-04
5.818339e+00 -7.998045e-01 4.180991e-01 1.144184e-01 -1.750603e-02 -3.348823e-02 2.595239e-03
6.735304e+00 1.246036e-01 2.611553e-01 5.628129e-03 -5.299803e-02 2.528666e-02 -6.107634e-03
2.442505e+00 9.335389e-02 -2.517855e-01 8.340915e-03 6.306720e-02 2.338327e-02 -2.790016e-03
9.996747e+00 3.368476e-01 2.201455e-01 -9.687112e-03 -2.716440e-02 4.156460e-02 3.667878e-03
9.175227e+00 3.434649e-01 1.093212e-01 -4.065729e-02 -1.609936e-02 5.058089e-02 -7.928393e-04
7.094979e+00 -6.242322e-01 2.944763e-01 -3.048576e-02 -1.612612e-02 -3.418423e-02 1.789444e-03
4.040299e+00 -2.210222e-01 -4.678284e-01 -2.075944e-02 4.029517e-02 -1.903716e-02 4.236445e-03
8.935689e+00 -1.728011e-02 6.924698e-02 -3.433933e-03 -1.259477e-01 -3.142939e-02 -3.751169e-03
7.594255e+00 -1.672748e-02 -2.431438e-01 -6.521018e-03 6.887985e-02 -4.738704e-03 9.862743e-04
2.329978e+00 1.893955e-01 -7.360530e-01 3.385256e-02 4.053626e-02 1.043048e-02 7.809855e-04
2.953904e+00 -6.130394e-01 -4.602973e-01 8.717198e-02 2.455332e-02 -3.270093e-02 1.809728e-03
8.687621e+00 1.800598e-01 1.818885e-01 -2.013355e-02 -4.362961e-02 4.319096e-02 -5.974041e-04
3.207793e+00 4.428813e-01 3.385092e-01 -1.476307e-02 -2.945530e-02 3.853722e-02 3.131754e-03
2.472642e+00 3.849771e-02 8.632649e-01 1.520335e-01 -3.420600e-02 1.525433e-03 2.099148e-03
2.697844e+00 -2.238585e-01 3.751216e-01 4.376723e-02 -4.498576e-02 -2.684582e-02 -4.490319e-03
8.790525e+00 -1.018194e-01 1.405935e-01 -1.635339e-04 -6.189579e-02 -4.482563e-02 -5.598655e-03
1.939123e+00 1.537458e-01 -1.710786e-01 1.058088e-02 5.111873e-02 4.593965e-02 -9.907531e-04
6.876913e+00 6.386478e-01 -1.178908e-01 -4.968439e-02 7.083004e-03 3.837065e-02 1.096696e-03
9.667493e+00 -5.785473e-01 9.454645e-02 1.358643e-01 -6.016443e-03 -3.681573e-02 1.105617e-03
6.287785e+00 4.108072e-01 7.259100e-02 -9.366683e-02 -8.405086e-03 4.756608e-02 3.360460e-03
6.009379e+00 1.336750e-01 -8.912494e-01 2.553860e-02 2.937976e-02 4.406556e-03 -1.070216e-03
2.053661e+00 -3.566409e-01 -1.035168e-01 3.307880e-02 1.571225e-02 -5.413256e-02 -6.481159e-05
7.275474e+00 2.817568e-01 1.030511e-01 -3.064848e-02 -2.275069e-02 6.220371e-02 3.034095e-03
8.939528e+00 2.882753e-01 -6.649798e-01 -9.882135e-02 3.048510e-02 1.321559e-02 -1.708860e-03
9.034596e+00 -3.483484e-01 7.679696e-02 1.225162e-02 -1.163834e-02 -5.279114e-02 -4.097223e-03
8.169124e+00 -1.207967e-01 -1.573403e-01 -1.384699e-02 5.601069e-02 -4.300173e-02 6.361963e-03
5.285908e+00 -2.429309e-01 1.761022e-02 3.628565e-03 -4.468071e-03 -6.163650e-02 4.252345e-03
4.805291e+00 1.042440e-01 -9.866395e-01 -5.302138e-02 3.254977e-02 3.439066e-03 -4.291721e-04
2.648758e+00 -3.835753e-01 -8.880045e-01 9.017892e-02 3.391250e-02 -1.464857e-02 3.213823e-03
3.646145e+00 7.673194e-01 -4.670571e-01 4.292376e-02 1.850467e-02 3.040098e-02 -3.718474e-03
4.474690e+00 -3.892718e-01 -8.659874e-02 -4.613336e-02 1.055699e-02 -4.745496e-02 2.553748e-03
6.536191e+00 3.989335e-02 -7.506400e-03 -5.747508e-03 3.245462e-02 1.724826e-01 3.145918e-03
4.793008e+00 -2.563955e-01 -8.686529e-01 1.002020e-01 3.147430e-02 -9.290095e-03 -1.287621e-03
5.525405e+00 -3.741403e-01 1.155726e-01 -1.715484e-03 -1.718625e-02 -5.563664e-02 -4.442923e-03
5.461710e+00 -8.730353e-02 6.652956e-02 -1.437490e-02 -5.342922e-02 -7.011258e-02 -2.701465e-03
4.493140e+00 5.597208e-01 5.378318e-01 -1.766943e-02 -2.726867e-02 2.837846e-02 1.352453e-03
4.102194e+00 4.660613e-03 -6.371365e-01 3.300852e-02 3.815584e-02 2.791075e-04 -4.448292e-03
1.902001e+00 -4.282921e-01 1.742599e-01 -3.640176e-02 -1.889996e-02 -4.645189e-02 1.854117e-04
1.661502e+00 -4.468280e-02 2.248783e-04 -2.430971e-03 -7.836299e-04 -1.557055e-01 6.279138e-03
9.002909e+00 -2.238871e-01 8.037186e-01 3.806204e-02 -3.295284e-02 -9.179477e-03 -5.482335e-04
8.064187e+00 -1.903472e-01 -1.721269e-01 -2.346213e-02 3.994391e-02 -4.417213e-02 -5.938117e-03
6.128469e+00 -3.632652e-01 -3.042533e-01 -9.468558e-02 3.309449e-02 -3.951338e-02 -3.823584e-03
9.347261e+00 -4.031141e-01 -4.527393e-02 2.116206e-02 5.462798e-03 -4.864015e-02 2.908377e-03
2.284235e+00 -6.353800e-02 -5.051426e-01 3.537730e-02 4.916415e-02 -6.183980e-03 -1.068051e-03
1.573201e+00 1.267399e-01 -8.785867e-01 3.336502e-02 3.052476e-02 4.403328e-03 1.558916e-03
2.680565e+00 2.018402e-01 2.028352e-01 -2.013786e-02 -3.977106e-02 3.957597e-02 -1.985099e-03
2.213349e+00 -9.343027e-02 4.994012e-03 1.572854e-02 -5.538623e-03 -1.036191e-01 1.079152e-03
9.622411e+00 -4.266626e-01 8.264444e-01 -1.735352e-02 -2.645437e-02 -1.365741e-02 9.758888e-04
9.296681e+00 5.112065e-02 8.077798e-02 1.783250e-03 -8.748985e-02 5.536828e-02 -5.943758e-03
1.680441e+00 -4.337936e-01 6.561413e-01 -9.937687e-02 -3.410384e-02 -2.254702e-02 5.085376e-04
6.821215e+00 -3.406532e-01 -1.047261e-01 1.689862e-02 1.727857e-02 -5.620378e-02 -8.494622e-04
5.325814e+00 7.498885e-02 -9.405457e-01 -3.012047e-02 3.231073e-02 2.576105e-03 1.573814e-03
3.798078e+00 -3.215033e-01 7.541487e-01 -4.573342e-02 -3.013658e-02 -1.284761e-02 1.587090e-04
6.792826e+00 -2.982293e-02 5.510029e-03 -2.553079e-03 -3.250945e-02 -1.759568e-01 7.320901e-03
5.916175e+00 -2.416256e-01 5.768814e-01 -9.597404e-02 -3.809946e-02 -1.595788e-02 2.385542e-04
5.015029e+00 9.470841e-01 8.169096e-02 1.211658e-01 -2.830282e-03 3.281288e-02 3.696587e-03
8.450697e+00 -5.956396e-01 -2.435883e-01 -7.598135e-02 1.593848e-02 -3.897392e-02 -1.674889e-03
8.451117e+00 1.506206e-01 2.521639e-01 1.056291e-02 -4.511029e-02 2.694493e-02 2.923772e-03
6.585665e+00 -5.671675e-01 5.903761e-01 1.116957e-02 -2.634238e-02 -2.530682e-02 9.859719e-04
2.616541e+00 -1.036921e-01 7.061110e-01 1.056753e-01 -3.856886e-02 -5.663820e-03 -2.002032e-03
7.978596e-01 7.700765e-01 1.245262e-02 -6.972619e-02 -6.508816e-04 4.025084e-02 4.869519e-04
5.700364e-01 2.951455e-01 3.462686e-01 2.277081e-04 -3.861870e-02 3.291703e-02 4.718165e-04
4.756556e+00 5.426104e-01 9.783706e-02 8.333795e-03 -8.075915e-03 4.478953e-02 -2.099218e-03
2.106322e+00 2.643108e-01 -7.112924e-03 -1.970515e-02 1.687984e-03 6.272419e-02 2.941975e-03
2.180155e+00 -6.116313e-02 1.664909e-01 1.401486e-02 -7.936780e-02 -2.915704e-02 9.757608e-03
6.713473e+00 4.812934e-03 3.252169e-02 3.140217e-03 -1.922958e-01 2.845815e-02 -1.258512e-02
1.635164e+00 -7.315072e-01 4.519026e-01 -1.188778e-01 -1.764881e-02 -2.856861e-02 1.150137e-03
5.759996e+00 -5.019857e-01 -2.402749e-01 -3.953993e-02 2.113516e-02 -4.415587e-02 1.112958e-03
7.086782e+00 3.968488e-01 5.194483e-01 -7.448065e-02 -2.784264e-02 2.127125e-02 -2.179678e-04
1.607251e+00 1.321680e-01 2.424858e-01 -2.575232e-02 -4.949917e-02 2.697975e-02 1.835848e-03
6.541505e+00 -5.856655e-02 5.389410e-02 1.275494e-02 -7.841170e-02 -8.520974e-02 -1.974046e-03
5.737568e+00 3.036022e-01 -1.660195e-02 1.436770e-02 3.599078e-03 6.581683e-02 6.429155e-04
8.355232e+00 2.992126e-01 1.780432e-01 -3.010478e-02 -3.071586e-02 5.161992e-02 4.762464e-03
4.622244e+00 -5.327612e-01 -4.771621e-01 -8.111241e-02 2.690248e-02 -3.003717e-02 -1.134904e-03
9.307894e+00 -2.375601e-01 7.947503e-03 3.412652e-02 -2.254045e-03 -6.737602e-02 2.930171e-03
7.536428e+00 3.518647e-01 -5.194419e-02 5.078006e-03 8.086174e-03 5.477492e-02 -3.412970e-03
3.482409e+00 -3.450329e-01 -4.446254e-01 -5.017613e-02 3.530159e-02 -2.739432e-02 6.692615e-04
4.709211e+00 1.934766e-01 8.746814e-01 5.211650e-02 -3.776543e-02 8.353587e-03 -5.053505e-04
8.001957e+00 3.063888e-01 -3.467255e-01 -4.198912e-02 3.666887e-02 3.240295e-02 -4.206072e-03
4.653887e+00 -2.179629e-01 5.476040e-02 -1.823262e-02 -1.690841e-02 -6.730057e-02 2.037689e-03
2.279110e+00 -4.745932e-01 -3.757600e-01 3.200401e-02 2.807600e-02 -3.546060e-02 -1.647313e-03
4.745788e+00 -2.584175e-01 -8.467907e-01 6.004736e-03 3.157441e-02 -9.635652e-03 1.583049e-04
8.467145e+00 -6.011853e-01 7.406994e-01 4.201917e-02 -2.449709e-02 -1.988295e-02 -1.211179e-03
3.946672e+00 1.273655e-01 -9.525716e-02 -9.246438e-03 5.135504e-02 6.866526e-02 8.592247e-05
1.816701e+00 5.740399e-01 -2.432854e-01 -8.693526e-02 1.578630e-02 3.724831e-02 2.146844e-03
7.951953e+00 -7.403512e-02 4.093416e-01 3.128187e-02 -4.501761e-02 -8.142063e-03 2.904953e-03
6.468843e+00 -1.113292e-01 2.199587e-02 6.055387e-06 -1.927483e-02 -9.755700e-02 -6.703841e-04
2.229036e+00 3.361550e-02 -9.106652e-02 5.345753e-03 9.735550e-02 3.593696e-02 5.563015e-03
6.238780e+00 -1.599709e-01 -5.129988e-01 2.018658e-02 3.778990e-02 -1.178421e-02 -3.551486e-04
6.608394e+00 -2.853102e-01 3.727828e-01 -1.939825e-02 -4.043776e-02 -3.094913e-02 -2.886944e-03
8.951408e+00 6.874682e-02 5.644213e-01 -2.056894e-03 -4.400277e-02 5.359561e-03 -5.531660e-04
8.363923e+00 3.143676e-01 -9.015266e-02 8.344876e-03 1.586352e-02 5.531701e-02 -5.062875e-04
5.576118e-01 -7.868301e-02 2.312167e-01 9.678212e-03 -5.489262e-02 -1.867996e-02 -4.376802e-03
1.620094e+00 4.856512e-01 -7.069875e-01 -1.008193e-01 3.044792e-02 2.091560e-02 -1.998527e-03
3.467891e+00 4.900810e-01 -3.020566e-01 -4.690212e-02 2.529844e-02 4.104624e-02 -6.771070e-04
5.597483e+00 -7.841336e-01 2.323757e-01 8.275227e-02 -1.103857e-02 -3.724878e-02 -3.998189e-04
8.326503e+00 3.348036e-01 3.495815e-01 -3.049338e-02 -2.998852e-02 2.872081e-02 -1.042193e-03
2.907121e+00 1.026140e-01 1.935475e-01 1.308250e-02 -5.870523e-02 3.112403e-02 -4.397255e-04
7.325812e+00 -5.235121e-01 -2.300728e-01 -7.437192e-03 1.909685e-02 -4.345333e-02 -2.304346e-03
8.127070e+00 1.959814e-01 -1.782976e-01 1.530835e-02 3.853525e-02 4.235723e-02 1.597648e-03
8.619117e+00 1.251607e-01 3.743743e-01 -8.106636e-03 -5.068794e-02 1.694597e-02 1.531710e-03
9.421234e+00 -7.507201e-03 7.541317e-03 -8.633920e-04 -2.446484e-01 -2.435416e-01 1.550282e-02
7.934000e+00 -3.150488e-01 -2.102344e-01 8.123942e-02 2.629582e-02 -3.940585e-02 -2.390582e-03
2.927804e+00 6.951986e-01 1.435514e-01 2.715958e-03 -7.415770e-03 3.591349e-02 1.177133e-03
4.817075e+00 -4.512820e-01 4.294941e-01 -7.598725e-02 -3.145410e-02 -3.304975e-02 2.348856e-03
4.618482e+00 2.150315e-01 1.590382e-01 2.038966e-02 -4.117227e-02 5.566796e-02 -2.665156e-04
4.677057e+00 -4.041975e-02 3.104430e-01 4.342322e-02 -5.748765e-02 -7.484903e-03 -2.960409e-03
5.350275e+00 1.310851e-02 -8.053184e-01 4.024849e-03 3.793721e-02 6.175201e-04 -1.089791e-04
5.610444e+00 -7.058753e-02 5.012887e-01 1.456796e-02 -4.635449e-02 -6.527275e-03 -3.327416e-03
8.835873e+00 3.118295e-02 -1.410641e-01 -2.411640e-02 9.327249e-02 2.061837e-02 4.749389e-03
9.764723e-01 -1.354468e-01 -9.406430e-01 -2.407276e-01 3.065821e-02 -4.414592e-03 -1.417170e-03
8.506213e-01 5.311099e-01 3.418138e-01 -3.385635e-02 -2.380224e-02 3.698389e-02 -9.101112e-04
7.629838e+00 -7.743971e-02 1.541128e-01 2.203999e-02 -6.509539e-02 -3.270959e-02 -2.554548e-04
3.195514e+00 2.616806e-01 3.433773e-01 -2.843122e-02 -4.068645e-02 3.100628e-02 3.876386e-03
2.945384e+00 -4.350043e-01 7.189921e-02 -7.121091e-03 -8.214146e-03 -4.969719e-02 4.253626e-03
9.920956e+00 2.480601e-01 -9.502158e-01 -1.437229e-01 3.105607e-02 8.107390e-03 2.643602e-03
3.929561e+00 -2.912126e-01 4.431460e-01 -6.590363e-02 -3.993227e-02 -2.624142e-02 2.898610e-03
6.292182e+00 2.354671e-01 6.305496e-01 7.729900e-02 -3.353401e-02 1.252266e-02 -2.797244e-03
1.333198e+00 5.459472e-01 5.606711e-01 9.258286e-02 -2.937883e-02 2.860731e-02 -5.111872e-04
8.270526e+00 1.953076e-01 6.702907e-01 -1.076761e-01 -4.076043e-02 1.187667e-02 -4.959432e-04
9.112246e+00 -7.270267e-01 -6.454753e-01 -5.875683e-02 2.319150e-02 -2.612158e-02 4.798327e-03
8.854287e+00 -7.114209e-02 -6.448218e-02 7.719737e-03 7.250119e-02 -7.998933e-02 -3.752165e-04
1.778124e+00 -1.915999e-01 -5.921873e-01 -3.473006e-02 4.200348e-02 -1.359006e-02 1.745001e-03
1.291611e+00 -3.541541e-01 9.338902e-01 2.295205e-04 -2.929480e-02 -1.110931e-02 3.528717e-03
7.758027e+00 -1.123537e-02 -1.566880e-01 -6.553967e-03 8.514734e-02 -6.105520e-03 -2.233499e-03
8.570990e+00 -6.670194e-03 1.121118e-01 -6.872863e-03 -9.829580e-02 -5.848199e-03 -9.084800e-03
9.942277e+00 -5.250069e-01 2.861591e-01 -4.325910e-02 -2.145146e-02 -3.935629e-02 -2.625901e-03
9.445621e+00 5.580565e-01 -6.438598e-01 -5.144040e-02 2.810571e-02 2.436023e-02 2.211003e-03
5.481059e+00 1.296697e-01 -4.357715e-01 1.965344e-02 4.156973e-02 1.236963e-02 -1.856517e-03
1.985484e+00 1.475760e-01 2.060742e-02 1.498964e-02 -1.231392e-02 8.818372e-02 -7.430901e-04
9.309357e+00 3.861346e-02 3.633679e-03 4.408150e-04 -1.581724e-02 1.680826e-01 -1.063060e-02
6.974877e+00 -2.889088e-01 -2.686821e-01 -3.023513e-02 3.828170e-02 -4.116360e-02 -3.936572e-03
7.754849e+00 8.751574e-01 7.553037e-02 -1.032240e-01 -2.923540e-03 3.387455e-02 -7.252739e-04
8.327645e+00 -5.148095e-01 9.062217e-02 4.087108e-02 -8.315875e-03 -4.724110e-02 -2.411525e-03
8.850781e+00 4.617484e-01 -5.963491e-01 -4.476213e-02 3.325797e-02 2.575138e-02 -5.666990e-03
4.295936e+00 -7.102066e-01 -4.898996e-01 8.717526e-02 1.793902e-02 -2.600616e-02 2.871284e-03
4.130389e+00 4.766309e-01 -3.697913e-01 -4.484814e-02 2.230918e-02 2.875471e-02 1.667574e-03
5.567280e+00 -3.189147e-01 6.911147e-02 1.533579e-02 -1.220517e-02 -5.632074e-02 -3.515323e-03
4.820577e+00 1.572641e-01 -9.223242e-02 1.611106e-02 3.639218e-02 6.205177e-02 6.750321e-04
4.780498e+00 1.806330e-01 9.951660e-02 3.065682e-02 -3.046162e-02 5.529102e-02 -3.497340e-03
6.958769e+00 -5.823427e-01 5.277460e-01 4.080917e-02 -2.690443e-02 -2.968777e-02 -1.600979e-03
9.090686e+00 6.637325e-01 -3.833652e-01 -1.679859e-02 1.766025e-02 3.057577e-02 1.973026e-03
3.662426e+00 6.839945e-01 -3.900514e-01 -6.890001e-02 1.848321e-02 3.241217e-02 -1.967898e-03
7.227016e+00 3.457786e-01 2.063234e-01 2.658986e-02 -2.680950e-02 4.493019e-02 -6.400481e-03
4.645810e+00 -4.675309e-01 -2.901298e-02 1.519163e-02 2.986208e-03 -4.812137e-02 2.919421e-03
1.958322e+00 3.005714e-01 6.574676e-01 -1.986504e-03 -3.531922e-02 1.614672e-02 -3.824230e-04
3.622506e+00 1.533766e-01 1.966702e-01 -5.659953e-02 -5.227918e-02 4.077083e-02 -4.346208e-03
2.043950e+00 4.733272e-01 6.096522e-02 1.378406e-02 -5.525614e-03 4.290025e-02 1.380148e-04
9.049018e+00 5.795694e-01 7.849183e-01 7.319833e-02 -2.888570e-02 2.132867e-02 -9.662792e-04
8.278608e+00 4.704396e-01 -3.641120e-02 -2.434747e-02 3.718458e-03 4.804318e-02 8.977001e-04
2.559692e+00 3.858615e-01 -1.044511e-01 3.157071e-02 1.480703e-02 5.469988e-02 -8.649670e-04
2.038372e+00 -1.046015e-01 9.221478e-03 1.440702e-02 -8.229800e-03 -9.335261e-02 -8.181836e-03
4.825843e+00 -7.275096e-01 2.696575e-01 -1.621725e-01 -1.388271e-02 -3.745420e-02 -1.070158e-03
3.391295e+00 -5.473629e-01 3.570951e-01 -4.734684e-03 -2.394170e-02 -3.669834e-02 -1.811311e-03
4.934585e+00 -7.038674e-01 3.596339e-01 -7.851102e-02 -1.832542e-02 -3.586611e-02 1.490939e-03
1.659852e+00 -5.947291e-01 5.552805e-01 -7.674654e-02 -2.155659e-02 -2.308803e-02 4.335905e-04
3.890950e+00 3.161759e-01 7.509903e-02 -8.102504e-03 -1.151298e-02 4.847102e-02 8.990521e-04
1.529350e+00 9.200672e-02 3.454535e-01 1.426219e-02 -4.791942e-02 1.276267e-02 -1.076004e-03
3.526668e+00 4.497229e-01 2.275488e-01 1.406373e-02 -2.152218e-02 4.253601e-02 1.459484e-04
7.901686e-01 1.494664e-01 2.119788e-01 -3.989044e-02 -4.771896e-02 3.364668e-02 -9.625195e-05
1.871824e+00 4.328238e-01 6.019352e-01 -2.994914e-02 -3.451462e-02 2.481787e-02 7.325639e-04
4.496507e+00 -7.227654e-02 9.933519e-01 1.698765e-01 -3.068364e-02 -2.232550e-03 3.173771e-04
2.897961e+00 6.804837e-04 -7.063892e-01 -1.564131e-02 3.895703e-02 3.752835e-05 -9.724957e-04
6.082528e+00 3.416485e-01 2.750553e-01 -7.956412e-02 -3.052831e-02 3.791947e-02 1.975608e-03
2.427289e+00 -2.028452e-02 9.247983e-02 1.210061e-02 -1.047299e-01 -2.297146e-02 5.777555e-04
3.974445e+00 -4.176427e-01 6.937818e-01 3.413947e-02 -3.073040e-02 -1.849908e-02 6.193468e-04
7.848565e-01 3.499613e-01 -3.210055e-01 1.896389e-02 3.561093e-02 3.882316e-02 1.620801e-03
8.026975e+00 3.723926e-02 -1.079675e-01 -7.787579e-03 7.941977e-02 2.739282e-02 5.222556e-03
6.432582e+00 6.641143e-01 -3.599793e-01 7.593644e-02 1.802608e-02 3.325575e-02 -1.690251e-03
2.624846e+00 -4.122518e-01 -3.826570e-02 -2.565954e-02 4.544669e-03 -4.896155e-02 8.139455e-04
1.133490e+00 -1.987186e-01 6.294034e-01 8.788834e-02 -3.809028e-02 -1.202607e-02 1.226907e-03
2.975499e+00 -3.573507e-01 2.475405e-01 -5.394438e-02 -2.721500e-02 -3.928771e-02 -1.662305e-03
7.069711e-01 -3.078810e-01 -2.193475e-01 7.436599e-02 2.834200e-02 -3.978146e-02 1.498232e-03
3.725903e+00 4.623775e-01 -8.400565e-01 4.488393e-02 2.520508e-02 1.387319e-02 -2.775002e-03
8.750061e+00 -1.863166e-01 1.334681e-01 3.405140e-02 -3.965196e-02 -5.535272e-02 4.313358e-03
9.638159e+00 -9.390394e-02 4.308336e-01 4.087021e-02 -5.363739e-02 -1.169074e-02 -3.998969e-03
1.312105e+00 -4.828507e-03 3.422771e-01 4.174706e-02 -5.155422e-02 -7.272760e-04 6.508415e-04
6.103894e+00 -3.898493e-01 -8.787583e-02 -9.375789e-02 1.116379e-02 -4.952667e-02 -1.261850e-03
3.689017e+00 1.957434e-01 -7.036046e-01 7.046700e-02 3.354929e-02 9.333445e-03 -2.439206e-03
9.612331e+00 -3.833406e-01 5.448339e-01 2.497954e-02 -3.645304e-02 -2.564806e-02 1.153324e-03
4.027547e+00 -2.043883e-01 -9.057975e-01 7.538303e-03 3.573203e-02 -8.062739e-03 -4.528648e-04
9.338700e+00 5.757133e-03 -4.704194e-02 9.953427e-04 1.436953e-01 1.758586e-02 3.615979e-03
9.300543e+00 2.157422e-02 6.609102e-02 4.683574e-03 -1.291073e-01 4.214476e-02 -1.605874e-03
3.451848e+00 8.002323e-01 -3.265649e-01 1.162614e-01 1.258875e-02 3.084816e-02 1.979448e-03
3.589054e+00 -7.768616e-01 3.718165e-01 1.545071e-01 -1.564136e-02 -3.268055e-02 -3.275985e-03
2.292330e+00 -2.203839e-01 9.197421e-02 1.425509e-02 -2.412783e-02 -5.781385e-02 9.714996e-04
2.771132e+00 8.237103e-01 -8.466016e-03 4.768366e-02 3.550882e-04 3.454870e-02 -1.384008e-03
7.845114e+00 3.820503e-01 -4.858768e-01 5.421078e-02 2.844066e-02 2.236321e-02 -6.630371e-05
3.468930e+00 6.859826e-01 2.427465e-01 5.406199e-02 -1.325647e-02 3.746176e-02 -1.413970e-03
8.148301e+00 -8.195385e-02 -2.163600e-01 1.926503e-02 6.808592e-02 -2.578991e-02 -2.564136e-03
7.288926e+00 -2.745421e-01 -3.232783e-01 -7.477421e-03 3.995559e-02 -3.393205e-02 9.790460e-04
1.788393e+00 2.335117e-01 -6.437243e-01 -1.960589e-02 3.419528e-02 1.240438e-02 3.684213e-04
1.701160e+00 -7.399805e-01 -1.721202e-01 4.594444e-03 9.453539e-03 -4.064272e-02 4.687324e-05
4.641446e+00 5.659064e-01 -5.783944e-02 8.193770e-02 4.276496e-03 4.184163e-02 -2.016007e-04
7.422933e-01 -6.081279e-02 6.095240e-02 -3.119210e-03 -8.442847e-02 -8.423508e-02 2.029471e-02
4.180762e+00 5.415882e-02 -2.084966e-01 -9.667906e-04 6.611868e-02 1.717490e-02 1.413722e-03
2.179370e+00 1.485221e-02 -4.478676e-03 4.026392e-04 8.289368e-02 2.748925e-01 1.396011e-02
3.652210e+00 -2.282722e-01 2.008951e-01 -4.853349e-02 -3.638690e-02 -4.134555e-02 2.841432e-03
5.368214e+00 4.963614e-02 4.806274e-01 1.504829e-02 -4.080864e-02 4.214456e-03 2.153315e-04
5.446840e+00 -4.229000e-01 -1.994208e-01 -1.633354e-02 2.238015e-02 -4.746025e-02 -9.636629e-04
3.381702e+00 -1.744936e-01 6.303349e-02 -9.638552e-03 -2.664310e-02 -7.375523e-02 -3.048400e-03
8.553515e+00 4.058871e-01 -8.014469e-01 -1.528722e-01 2.933494e-02 1.485647e-02 3.936491e-03
5.093932e+00 4.907563e-01 6.081188e-01 -1.569790e-01 -3.021223e-02 2.438149e-02 -1.585774e-03
6.220200e+00 3.692831e-01 -1.944911e-01 1.021964e-02 2.499893e-02 4.746584e-02 9.566795e-04
4.568027e+00 9.275275e-03 3.797759e-02 -2.047461e-03 -1.412289e-01 3.449236e-02 -6.762041e-03
6.197160e+00 3.325247e-03 2.006894e-02 3.539041e-03 -2.035503e-01 3.372648e-02 8.664396e-03
1.233877e+00 5.870162e-01 2.795094e-02 7.431910e-02 -2.231198e-03 4.685886e-02 2.768876e-03
3.069118e+00 -4.172171e-02 4.176114e-02 -2.112897e-03 -8.697355e-02 -8.689144e-02 1.851306e-03
5.608144e+00 2.655534e-01 -7.676556e-01 -3.713838e-03 3.335758e-02 1.153931e-02 2.740699e-04
6.239813e+00 2.026352e-01 7.378188e-01 1.117977e-01 -3.870341e-02 1.062954e-02 1.517911e-03
4.251690e+00 4.422414e-01 -2.829264e-01 -2.969724e-02 2.595162e-02 4.056489e-02 7.682063e-04
6.378185e+00 2.307691e-01 -5.762936e-02 1.081221e-02 1.797061e-02 7.196091e-02 -4.314377e-03
4.341878e+00 1.032137e-01 -7.078748e-02 1.294034e-02 4.898810e-02 7.142850e-02 -4.237237e-03
7.274274e+00 1.953332e-01 6.691857e-01 -1.100780e-01 -3.606512e-02 1.052729e-02 -2.121592e-03
1.468420e+00 -1.325027e-03 3.702728e-03 5.922868e-04 -4.406211e-01 -1.576770e-01 -4.842291e-02
2.213674e+00 7.340494e-01 -4.773248e-01 -7.490781e-02 1.708547e-02 2.627473e-02 2.635983e-03
9.961373e-01 3.825501e-01 5.970088e-01 3.162320e-02 -3.291174e-02 2.108912e-02 1.361082e-03
5.111115e+00 -1.964381e-02 -5.636218e-03 -3.684967e-04 7.066804e-02 -2.462981e-01 1.110332e-02
9.152252e+00 3.426047e-01 -4.609196e-01 -3.092591e-02 3.721372e-02 2.766121e-02 -2.641056e-03
7.894053e+00 2.954540e-01 1.471948e-01 5.096950e-03 -2.797853e-02 5.615937e-02 -1.912455e-03
1.869327e+00 1.976056e-01 8.071009e-01 -1.647846e-01 -3.072745e-02 7.523119e-03 -3.209387e-03
4.125949e+00 -7.325338e-01 3.816466e-01 -2.930430e-03 -1.480924e-02 -2.842490e-02 2.115018e-03
1.074953e+00 -1.667644e-01 7.204572e-01 -7.881079e-03 -3.540849e-02 -8.196009e-03 1.590058e-04
4.947459e+00 -2.489317e-01 5.898397e-01 -4.775795e-02 -3.332160e-02 -1.406281e-02 -1.553222e-03
8.769329e+00 5.683756e-01 -4.011236e-01 4.405854e-02 2.350589e-02 3.330688e-02 6.078892e-04
9.311064e+00 9.149759e-03 -4.623431e-01 -2.479744e-02 5.286128e-02 1.046123e-03 -1.243602e-03
3.095185e+00 3.340144e-01 3.475745e-01 -4.026915e-02 -2.959662e-02 2.844195e-02 1.218003e-03
3.733531e+00 2.058969e-01 1.364180e-01 -3.868444e-02 -3.491348e-02 5.269521e-02 4.524434e-04
2.062187e+00 -2.047188e-01 -3.908338e-01 8.430449e-02 4.040769e-02 -2.116555e-02 -9.876989e-04
2.220428e+00 -3.840218e-03 3.388343e-01 -4.553521e-03 -5.275775e-02 -5.979361e-04 -7.105543e-05
7.548871e+00 2.317228e-01 -8.483013e-02 -1.058470e-02 2.503697e-02 6.839124e-02 4.649716e-03
7.843863e+00 3.064183e-01 5.693140e-02 1.286658e-02 -9.211425e-03 4.957807e-02 -1.726202e-04
9.926319e+00 -6.976396e-01 -4.384311e-01 -9.716000e-02 1.896899e-02 -3.018379e-02 -4.820243e-04
2.107971e+00 1.188311e-01 2.908541e-01 -6.906443e-03 -5.396855e-02 2.204935e-02 2.483923e-03
7.545007e-01 5.249457e-01 1.792767e-01 1.772125e-02 -1.426645e-02 4.177403e-02 7.222822e-04
6.319442e+00 5.782004e-04 -2.160329e-01 -7.099796e-04 6.407856e-02 1.715029e-04 4.560117e-03
3.732424e+00 1.103272e-01 -6.567550e-01 5.821999e-02 3.420592e-02 5.746197e-03 -1.409744e-03
3.507290e+00 9.692580e-01 1.018026e-01 -8.318122e-02 -3.379924e-03 3.218009e-02 -5.609012e-04
9.123335e+00 -2.018674e-01 9.557963e-01 -1.716450e-02 -2.893454e-02 -6.111073e-03 -4.616399e-04
3.054544e+00 7.263744e-01 6.378024e-01 -3.621073e-02 -2.268300e-02 2.583300e-02 1.309813e-03
8.544023e+00 1.546559e-01 8.343470e-01 -9.378378e-02 -3.129177e-02 5.800292e-03 -6.948384e-04
1.790222e+00 -6.531350e-01 3.597953e-02 1.785151e-02 -2.393496e-03 -4.344904e-02 -2.214678e-03
9.255517e-01 2.408431e-01 -4.301244e-01 -1.323963e-02 4.354397e-02 2.438193e-02 7.366378e-04
1.322983e+00 1.490767e-01 2.411154e-01 1.394374e-02 -5.535520e-02 3.422498e-02 3.915668e-03
2.765332e+00 -2.665341e-02 2.738743e-01 -3.588488e-02 -6.755275e-02 -6.574225e-03 5.251675e-04
6.167268e+00 8.266104e-01 5.488161e-01 9.300367e-02 -1.900104e-02 2.861879e-02 -1.425248e-03
9.389057e+00 -2.036967e-01 7.055145e-03 9.158645e-03 -2.462802e-03 -7.110623e-02 -1.656582e-03
1.626005e+00 6.952700e-01 3.399790e-01 1.499120e-02 -1.712946e-02 3.503040e-02 3.015710e-03
9.066461e+00 6.167762e-01 5.459108e-01 -5.561511e-02 -2.361624e-02 2.668189e-02 -1.705998e-04
7.183927e+00 3.077533e-01 -8.220991e-01 1.658691e-01 3.630517e-02 1.359087e-02 1.096481e-03
9.774205e+00 8.823575e-03 6.043065e-03 -1.261724e-03 -1.832792e-01 2.676088e-01 1.118404e-02
7.251281e-01 3.950941e-01 -5.515116e-01 8.372260e-02 3.157809e-02 2.262204e-02 2.317735e-03
9.718201e+00 -4.067246e-01 -6.033737e-01 -8.883329e-02 3.291692e-02 -2.218877e-02 1.069083e-03
5.382135e+00 7.693378e-01 1.099619e-01 -3.184072e-02 -5.787880e-03 4.049432e-02 3.814909e-03
6.642117e-01 1.364165e-01 8.753332e-01 6.290214e-02 -3.000562e-02 4.676233e-03 -2.211741e-03
5.686386e+00 -7.827352e-02 1.895961e-01 1.395293e-02 -5.997499e-02 -2.476029e-02 -2.025692e-03
4.043672e+00 5.515077e-01 -1.618928e-01 2.986240e-02 1.183062e-02 4.030246e-02 2.610850e-03
2.173847e+00 6.785586e-02 -7.708851e-01 3.299489e-03 3.275256e-02 2.882988e-03 3.421889e-03
1.082646e+00 7.269038e-01 -4.298007e-02 1.241893e-01 2.088954e-03 3.532959e-02 1.273596e-03
8.648955e+00 -5.173006e-01 -5.925468e-02 -3.142213e-02 5.089630e-03 -4.443310e-02 2.418621e-03
7.179787e+00 3.941986e-01 3.922580e-01 -5.205382e-02 -3.132343e-02 3.147840e-02 -1.213739e-03
9.054374e+00 2.396460e-01 9.437474e-01 7.275765e-02 -3.259346e-02 8.276466e-03 -1.512558e-04
3.710738e+00 -1.993299e-01 2.901592e-02 -5.239956e-03 -1.113612e-02 -7.650151e-02 1.641134e-03
7.711943e+00 -3.897939e-01 -8.765770e-01 9.681890e-03 3.330204e-02 -1.480866e-02 -5.377967e-03
5.521261e+00 -2.327087e-01 -1.417384e-01 -4.231047e-02 3.623153e-02 -5.948560e-02 -2.172130e-03
5.003136e+00 1.761688e-01 -7.355953e-03 9.215206e-03 3.638410e-03 8.713683e-02 7.967977e-03
7.293779e+00 -3.497419e-01 2.070065e-01 1.506791e-02 -2.303584e-02 -3.891954e-02 -9.841482e-05
8.765642e+00 3.863583e-01 -8.296839e-01 7.316812e-02 2.756868e-02 1.283789e-02 4.102281e-04
7.371124e-01 3.191419e-01 4.098783e-01 1.864010e-02 -3.468514e-02 2.700675e-02 1.458439e-03
7.796799e+00 3.688513e-02 4.059097e-02 4.863273e-04 -9.718125e-02 8.830888e-02 3.113916e-03
1.595755e+00 -2.765559e-01 -3.441246e-01 -3.765735e-02 3.854591e-02 -3.097745e-02 -4.235798e-03
8.243999e+00 -6.547982e-01 -2.239463e-01 -3.487510e-02 1.413765e-02 -4.133718e-02 -3.452538e-03
4.882950e+00 -3.453229e-01 -2.488329e-02 -2.596007e-02 4.035562e-03 -5.600433e-02 2.819827e-03
6.222595e+00 2.880708e-01 -9.322819e-01 -1.437004e-01 3.188399e-02 9.852006e-03 -5.658996e-04
9.612502e+00 -5.457626e-04 -9.336067e-01 -1.613469e-02 3.395831e-02 -1.985116e-05 -3.933392e-05
4.518166e+00 2.911747e-02 -1.701616e-02 3.236559e-03 9.170837e-02 1.569282e-01 9.359520e-03
2.470881e+00 4.016208e-03 -5.748803e-03 -7.052851e-05 2.891835e-01 2.020283e-01 9.162879e-03
2.542749e+00 -2.599294e-01 -6.899926e-01 -4.522978e-02 3.443964e-02 -1.297387e-02 2.606761e-03
8.306227e+00 -3.734733e-01 -7.568175e-02 -4.411908e-02 9.874609e-03 -4.872909e-02 3.178032e-03
9.523718e+00 2.241196e-01 1.751645e-03 -1.295939e-02 -5.810924e-04 7.434964e-02 2.331133e-03
2.600663e+00 8.723745e-03 4.197533e-02 -1.285227e-03 -1.492775e-01 3.102439e-02 5.380904e-03
9.016692e+00 5.605380e-01 5.520157e-01 -1.767045e-01 -2.615451e-02 2.655830e-02 -2.137502e-03
7.131559e+00 -1.571462e-02 1.823040e-01 1.454374e-02 -6.618462e-02 -5.705118e-03 5.508848e-03
1.266957e+00 9.073442e-03 -2.220087e-02 -1.047718e-03 1.798349e-01 7.349809e-02 -7.463219e-03
8.171208e+00 2.240862e-01 -4.556899e-01 5.134661e-03 3.947824e-02 1.941349e-02 2.060655e-04
2.906945e+00 4.681495e-01 -4.910447e-02 5.974174e-02 5.197394e-03 4.955063e-02 -3.407092e-03
3.446951e+00 6.678654e-01 5.103595e-01 -7.530885e-02 -1.885217e-02 2.467028e-02 2.924826e-04
1.513103e+00 -8.358696e-03 2.327075e-01 -1.730352e-02 -6.997972e-02 -2.513624e-03 4.426707e-03
6.538871e+00 -4.142875e-01 -5.785428e-01 1.512884e-01 3.088728e-02 -2.211801e-02 2.319870e-03
9.640376e-01 3.693824e-01 8.222905e-01 3.454353e-02 -3.454892e-02 1.551978e-02 -1.046808e-03
6.880878e+00 5.203468e-01 -2.745985e-01 4.644819e-02 1.829604e-02 3.466984e-02 2.964750e-03
9.638732e+00 3.174594e-01 6.701858e-02 9.696867e-03 -1.290967e-02 6.115165e-02 1.032000e-03
9.742052e+00 5.997390e-01 -9.511325e-02 -1.911319e-02 7.316035e-03 4.613144e-02 1.122645e-04
5.430224e+00 8.527799e-02 -2.045320e-01 -9.052520e-03 6.779188e-02 2.826528e-02 -7.571787e-04
7.921865e+00 3.518413e-01 4.965716e-01 6.850229e-02 -3.340750e-02 2.367058e-02 -3.821433e-03
1.696529e+00 -7.415419e-02 -6.955447e-02 -5.173536e-03 7.164135e-02 -7.637908e-02 5.782061e-03
2.590781e+00 -3.208386e-02 -2.992645e-01 -1.331320e-02 5.742260e-02 -6.156221e-03 1.782736e-03
6.291460e+00 3.234875e-01 -6.503701e-01 -7.585515e-02 3.275065e-02 1.628984e-02 -1.928509e-03
4.867740e+00 -2.252617e-01 -3.970862e-01 2.154051e-02 4.042288e-02 -2.293136e-02 2.833375e-03
2.647001e+00 1.032017e-01 -4.081816e-01 4.855762e-02 5.317894e-02 1.344538e-02 1.196325e-03
7.211753e+00 -4.807383e-01 -5.353984e-01 1.083315e-01 2.661557e-02 -2.389832e-02 2.059061e-03
5.861518e+00 1.281381e-01 4.519566e-01 4.745996e-02 -5.043498e-02 1.429925e-02 -3.627998e-04
3.918522e+00 -3.675244e-02 -8.027852e-02 1.388781e-02 1.014755e-01 -4.645667e-02 -8.356464e-03
5.259542e+00 1.453647e-01 2.318514e-01 4.537097e-02 -5.724019e-02 3.588809e-02 3.944439e-03
2.842740e+00 1.755796e-02 1.192576e-01 -8.392383e-03 -8.151616e-02 1.200140e-02 2.621989e-04
1.243245e+00 -1.347627e-01 -1.646698e-01 -1.551749e-02 5.350641e-02 -4.378864e-02 2.724512e-03
2.012912e+00 9.730955e-01 -1.552990e-01 3.239237e-02 5.712012e-03 3.579117e-02 9.214894e-04
6.233363e+00 -6.848210e-01 -1.340068e-01 7.722888e-02 7.517360e-03 -3.841632e-02 1.372941e-03
9.405754e+00 8.413845e-02 -2.249494e-01 -5.064619e-03 6.990624e-02 2.614723e-02 8.950979e-04
7.670327e+00 -3.455789e-01 -2.065183e-02 8.866895e-03 2.976685e-03 -4.981057e-02 2.903578e-03
2.371682e+00 1.193541e-01 -2.595057e-01 1.619410e-02 4.894199e-02 2.250983e-02 -6.353971e-03
6.799731e+00 -1.089288e-01 -4.172289e-01 4.572346e-03 5.022149e-02 -1.311167e-02 -1.259993e-03
6.175581e+00 -5.003346e-01 -2.619323e-02 3.087024e-02 2.079485e-03 -3.972165e-02 -4.411925e-03
5.345315e+00 3.284804e-01 -4.977119e-01 8.885377e-02 3.177077e-02 2.096811e-02 -1.403406e-03
8.266697e+00 9.987890e-02 -1.294493e-01 4.179161e-03 6.612974e-02 5.102359e-02 5.530826e-03
7.256923e+00 3.697312e-02 -1.498539e-01 9.678639e-03 8.334596e-02 2.056376e-02 2.941120e-03
4.266875e+00 4.132552e-01 -8.997584e-01 -3.150573e-02 2.838407e-02 1.303668e-02 -1.718153e-03
5.942847e+00 -5.129369e-01 7.873225e-01 -9.218930e-02 -2.837420e-02 -1.848566e-02 -1.895294e-03
9.064742e+00 7.848669e-01 1.795547e-01 -9.694151e-02 -8.874058e-03 3.879015e-02 -2.086357e-04
3.790269e+00 -1.591644e-01 -4.361066e-01 2.511587e-02 4.470836e-02 -1.631706e-02 -3.611545e-03
7.331452e+00 9.458623e-01 -5.949667e-02 -3.612285e-02 2.316343e-03 3.682461e-02 -2.185228e-04
9.989635e+00 -6.074559e-01 -2.391720e-02 -4.764335e-02 1.546890e-03 -3.928837e-02 1.162677e-03
4.294012e+00 -1.180054e-02 -1.416849e-02 -3.112638e-03 1.605887e-01 -1.337499e-01 -3.974650e-03
7.359827e+00 6.541763e-01 1.452011e-01 6.782747e-02 -7.841363e-03 3.532780e-02 -4.800298e-04
2.963268e+00 1.471816e-01 -5.959235e-01 4.266530e-03 3.770166e-02 9.311581e-03 5.962920e-04
3.703418e+00 7.585509e-01 -1.197945e-01 8.900424e-02 5.689693e-03 3.602772e-02 -2.481905e-04
8.976438e+00 -6.643520e-01 9.497376e-02 -2.599493e-02 -5.890834e-03 -4.120703e-02 1.571917e-03
9.008050e+00 2.254539e-01 9.304454e-01 -7.784224e-02 -3.308387e-02 8.016471e-03 -1.396340e-03
5.327500e+00 -1.142440e-01 2.987156e-01 -2.070027e-03 -5.220752e-02 -1.996681e-02 1.188110e-03
8.136858e+00 -1.960289e-01 -2.884907e-01 3.484765e-02 4.115640e-02 -2.796570e-02 -1.750156e-03
5.769578e+00 -1.684150e-01 2.624738e-01 1.588673e-03 -4.985772e-02 -3.199096e-02 1.313732e-03
3.619006e+00 -1.648599e-01 -5.171666e-02 -1.372817e-02 2.312708e-02 -7.372343e-02 8.750837e-03
8.296715e+00 6.515664e-02 6.642345e-01 -5.462739e-02 -3.854513e-02 3.781001e-03 -2.781586e-03
9.015519e+00 7.227755e-01 -6.312484e-01 1.135714e-01 2.054650e-02 2.352561e-02 -2.736248e-03
5.246806e+00 1.476235e-01 -2.423163e-01 7.224961e-02 5.706557e-02 3.476538e-02 4.499764e-03
1.951533e+00 6.442016e-01 3.670089e-01 -6.819292e-02 -1.811958e-02 3.180485e-02 1.703752e-04
2.217833e+00 -7.090585e-02 1.699748e-01 5.521876e-03 -7.639315e-02 -3.186780e-02 3.694985e-04
4.055500e+00 -7.854598e-01 6.294911e-02 2.518677e-02 -2.545079e-03 -3.175672e-02 1.395276e-03
4.807041e+00 2.447082e-01 3.887438e-01 -3.695675e-02 -4.358740e-02 2.743759e-02 -1.829390e-03
9.505227e+00 -2.314807e-02 -1.069015e-01 -1.016253e-02 9.768045e-02 -2.115138e-02 8.566758e-03
2.232860e+00 -3.820981e-01 1.066185e-02 -1.149732e-02 -1.327825e-03 -4.758644e-02 7.454095e-05
5.763665e+00 -5.863851e-01 6.541492e-01 -3.378210e-02 -2.827795e-02 -2.534860e-02 6.425242e-04
9.895897e+00 -8.417009e-03 -1.924554e-01 1.038884e-02 6.793936e-02 -2.971319e-03 2.394217e-03
7.661603e+00 -4.589043e-01 -5.011165e-01 1.010759e-01 2.720667e-02 -2.491489e-02 2.105923e-04
3.598196e+00 8.137699e-02 2.042998e-01 -3.276868e-02 -6.023155e-02 2.399152e-02 2.253103e-03
9.692471e+00 3.082337e-01 -4.751544e-01 -6.424355e-02 3.766968e-02 2.443640e-02 3.364668e-04
2.196169e+00 -6.118403e-01 1.079245e-01 3.640585e-02 -7.514305e-03 -4.259973e-02 4.540239e-03
6.669743e+00 5.218107e-01 7.555686e-01 8.008673e-02 -2.878659e-02 1.988059e-02 1.433630e-03
7.364353e+00 -3.604913e-02 9.078108e-01 2.070415e-02 -3.625954e-02 -1.439865e-03 -4.146056e-03
1.659796e+00 -5.993010e-02 -3.451125e-02 5.095369e-03 5.500211e-02 -9.551326e-02 6.154988e-03
2.937651e+00 3.501549e-01 -6.258230e-02 6.291107e-04 1.072038e-02 5.998170e-02 -8.038568e-03
1.708428e+00 1.303673e-01 1.645360e-01 -9.058123e-03 -5.759532e-02 4.563468e-02 -5.541126e-03
2.031269e+00 6.064912e-02 -6.130911e-04 -1.119464e-03 1.159250e-03 1.146771e-01 6.808098e-03
2.961725e+00 1.430557e-02 2.113607e-02 1.097288e-03 -1.671113e-01 1.131063e-01 -1.892369e-03
7.751143e+00 -7.199596e-01 -3.029004e-01 -1.307625e-01 1.471482e-02 -3.497544e-02 -2.724383e-03
4.163715e+00 -7.009579e-01 -2.546847e-01 -4.736733e-02 1.318299e-02 -3.628300e-02 -1.816643e-03
7.290287e+00 -3.417659e-02 1.951658e-01 -2.065874e-02 -6.238386e-02 -1.092439e-02 -1.648824e-03
6.192478e+00 -3.448116e-01 1.468345e-01 7.816097e-02 -2.159023e-02 -5.070038e-02 -2.191541e-04
2.006519e+00 -1.081354e-01 -3.562384e-01 -3.361263e-02 5.011767e-02 -1.521311e-02 1.693558e-04
1.803636e+00 -2.357368e-01 -5.869428e-01 1.601663e-01 3.685741e-02 -1.480323e-02 -8.417590e-04
9.507223e+00 3.090952e-02 -2.519088e-01 -2.355488e-02 6.347313e-02 7.788232e-03 1.606337e-04
8.137734e+00 1.779540e-01 7.590462e-02 6.381673e-04 -2.552698e-02 5.984652e-02 -6.534328e-03
7.765251e+00 -5.255266e-01 6.791553e-01 -1.744069e-02 -2.415177e-02 -1.868851e-02 1.440028e-03
3.715636e+00 9.835013e-02 4.263682e-02 1.154594e-02 -3.495690e-02 8.063490e-02 2.470979e-03
1.032609e+00 3.216645e-02 -6.486996e-02 8.313163e-03 1.213519e-01 6.017361e-02 7.487973e-03
6.583085e+00 2.480948e-01 -8.063322e-01 4.442679e-02 3.614900e-02 1.112244e-02 3.362469e-04
7.985646e+00 -4.221846e-01 -4.582017e-02 4.365836e-02 5.274365e-03 -4.859772e-02 2.843258e-03
2.764046e+00 1.371320e-01 -1.807420e-01 3.772880e-02 5.609195e-02 4.255791e-02 -4.271609e-03
8.472449e+00 6.301115e-01 -5.494406e-01 -3.533028e-02 2.493847e-02 2.860002e-02 -2.177286e-03
6.437907e+00 1.051658e-01 4.578272e-01 -1.320839e-02 -4.447424e-02 1.021601e-02 1.926721e-03
5.693936e+00 6.675028e-03 2.675654e-02 8.495525e-04 -1.788175e-01 4.461009e-02 1.339400e-02
7.224134e+00 4.782623e-01 -3.941543e-01 6.156995e-02 2.637621e-02 3.200459e-02 -1.954590e-03
7.226303e+00 -1.148213e-01 5.332484e-01 -1.971771e-02 -4.302328e-02 -9.263956e-03 -4.364664e-04
4.005253e+00 9.234258e-02 5.058249e-02 -1.263187e-02 -5.286564e-02 9.651065e-02 9.890350e-04
7.322528e+00 7.409905e-01 3.203380e-01 5.246100e-02 -1.342676e-02 3.105812e-02 2.965882e-04
8.372373e-01 -2.662233e-01 1.898322e-01 4.332977e-02 -3.485844e-02 -4.888595e-02 1.590773e-03
5.121197e+00 4.624467e-01 -7.437024e-01 -1.123987e-01 2.912390e-02 1.810973e-02 1.431655e-03
6.862495e+00 6.831179e-01 6.930262e-01 -5.254294e-02 -2.217864e-02 2.186155e-02 1.212234e-03
3.121944e+00 2.188906e-01 2.385031e-01 2.075077e-02 -3.894039e-02 3.573826e-02 2.096911e-03
5.415382e+00 -2.453984e-01 -6.150845e-01 1.623901e-01 3.805345e-02 -1.518207e-02 1.769721e-03
7.423024e+00 -4.673731e-01 5.891060e-02 1.190995e-02 -5.528879e-03 -4.386391e-02 -1.072425e-03
6.869107e+00 7.223958e-01 1.469167e-01 7.636775e-03 -7.331915e-03 3.605136e-02 3.769321e-04
7.632020e+00 -8.705829e-02 5.920721e-01 -1.368157e-01 -3.786319e-02 -5.567404e-03 -2.975406e-04
7.022226e+00 -2.654732e-01 2.591462e-01 5.166686e-02 -3.611193e-02 -3.699359e-02 -7.404728e-04
6.560124e+00 -1.350898e-01 3.177650e-01 3.002318e-02 -5.599183e-02 -2.380351e-02 -4.448943e-04
3.808676e+00 7.922184e-02 5.901603e-02 5.947030e-03 -5.492685e-02 7.373261e-02 5.305437e-04
8.673035e+00 4.180242e-01 6.037880e-01 -8.896942e-02 -3.036839e-02 2.102513e-02 -9.151571e-04
2.572617e+00 3.796929e-01 8.653315e-01 6.267095e-02 -3.153801e-02 1.383835e-02 -2.314148e-03
3.486232e+00 1.993016e-01 6.897465e-01 -1.906177e-02 -3.806960e-02 1.100018e-02 -5.274475e-04
2.387748e+00 1.628875e-02 -2.920652e-01 2.293545e-02 6.412783e-02 3.576470e-03 -1.087781e-03
6.980283e+00 -2.404885e-01 4.136849e-01 -5.060482e-02 -3.906576e-02 -2.271020e-02 -2.320988e-04
1.240551e+00 2.915457e-01 6.667074e-01 -1.085642e-01 -3.630023e-02 1.587379e-02 4.424081e-03
8.011346e+00 -4.512505e-02 -1.611247e-01 -3.297625e-02 7.722496e-02 -2.162785e-02 -6.121490e-03
2.635249e+00 -6.924342e-02 -1.068112e-01 1.226008e-02 7.347423e-02 -4.763177e-02 2.213252e-03
5.776837e+00 8.106504e-01 -3.693308e-01 1.053132e-01 1.594304e-02 3.499366e-02 -5.458518e-04
7.603273e+00 7.824701e-01 3.542901e-01 -1.003946e-02 -1.439440e-02 3.179086e-02 -1.012908e-04
9.847865e+00 1.682633e-01 1.132763e-02 4.536587e-03 -5.728508e-03 8.509261e-02 -7.011722e-03
9.946761e+00 -9.339856e-02 -2.047630e-01 -5.116185e-02 6.492448e-02 -2.961401e-02 4.318042e-03
5.835842e-01 9.280159e-02 5.902314e-01 -4.616854e-02 -4.375719e-02 6.879906e-03 3.753767e-04
2.784056e+00 4.427323e-02 8.570018e-02 1.342239e-03 -9.793746e-02 5.059509e-02 -1.221203e-04
7.681800e-01 7.896353e-01 -2.806606e-01 -1.079048e-01 1.199836e-02 3.375723e-02 4.444824e-04
6.433023e+00 4.179704e-01 -1.016024e-01 -1.373088e-03 1.160799e-02 4.775276e-02 -1.175713e-03
6.616836e+00 8.124418e-01 2.593346e-01 6.609551e-02 -1.132057e-02 3.546500e-02 -2.294165e-03
7.402713e+00 -3.173613e-01 1.404004e-01 -1.436466e-02 -2.354259e-02 -5.321571e-02 -4.423592e-03
7.669744e+00 8.972728e-01 -3.531507e-01 -1.312319e-01 1.063465e-02 2.702015e-02 7.846726e-04
2.922737e+00 -1.287525e-01 -8.897094e-01 -1.083568e-01 3.170994e-02 -4.588841e-03 1.552965e-03
5.366404e-01 -5.409793e-01 2.354151e-02 8.989529e-03 -1.757667e-03 -4.039085e-02 9.089241e-04
4.662464e+00 -5.354759e-02 4.948154e-01 -3.104413e-03 -4.904845e-02 -5.307891e-03 -1.619547e-03
6.618849e+00 5.728963e-01 -8.157029e-01 9.933523e-02 2.795742e-02 1.963546e-02 -1.375682e-03
6.684846e+00 3.737600e-01 -3.036587e-01 -2.266795e-02 3.290762e-02 4.050452e-02 1.566675e-03
7.301343e+00 1.122195e-02 -6.309494e-02 3.051783e-03 1.368748e-01 2.434429e-02 1.591954e-03
4.168776e+00 -3.259406e-01 -5.695133e-01 -5.265723e-02 3.689043e-02 -2.111292e-02 1.830690e-03
