3.361640e+09 0.000000e+00 0.000000e+00 0.000000e+00 0.000000e+00 0.000000e+00 0.000000e+00
5.853296e+00 -8.940554e-01 -2.061710e-01 -7.880724e-03 6.981293e-03 -3.027420e-02 1.633551e-03
1.933341e+00 -6.917105e-01 -1.610208e-03 5.833785e-02 6.982026e-05 -2.999327e-02 3.682815e-04
1.906365e+00 1.650449e-01 -3.754556e-03 9.981017e-03 1.296323e-03 5.698448e-02 -1.022630e-03
9.071101e+00 7.386660e-01 1.916761e-01 -3.992828e-02 -7.052343e-03 2.717776e-02 1.070442e-03
1.377671e+00 1.773939e-01 -1.254121e-01 -4.048562e-02 3.599327e-02 5.091206e-02 2.377519e-03
8.111529e+00 -3.793405e-02 1.013878e-01 1.058285e-02 -7.759583e-02 -2.903232e-02 2.905144e-03
8.350663e+00 6.721767e-01 1.055965e-01 1.127769e-02 -4.768110e-03 3.035151e-02 -2.312796e-03
5.520176e+00 5.701059e-01 2.770575e-01 -2.196537e-02 -1.543103e-02 3.175268e-02 -1.000040e-03
6.279671e+00 -5.214573e-03 3.746245e-03 -5.344502e-04 -1.749909e-01 -2.435779e-01 -3.289112e-03
7.078439e+00 2.289644e-01 3.684601e-03 1.903945e-02 -9.853959e-04 6.123338e-02 1.684220e-04
7.541419e+00 -8.998182e-01 -1.049312e-01 -8.816294e-02 3.430762e-03 -2.941987e-02 -1.462195e-03
1.480870e+00 -2.491854e-01 -5.780355e-01 1.313778e-02 2.991953e-02 -1.289802e-02 -2.870097e-03
1.366759e+00 8.573340e-02 -3.384413e-02 -1.105709e-02 2.849976e-02 7.219512e-02 3.850558e-03
4.195736e+00 -3.471737e-01 -3.150549e-02 -6.324043e-02 4.457385e-03 -4.911800e-02 -3.679784e-03
3.611084e+00 6.276381e-01 -9.291246e-02 -7.366928e-02 5.240779e-03 3.540227e-02 -6.464172e-04
2.485712e+00 1.785552e-02 5.859167e-02 -2.069594e-03 -1.099198e-01 3.349752e-02 3.999733e-04
8.342392e+00 3.729840e-02 -4.730273e-01 -2.857623e-02 3.841584e-02 3.029105e-03 -8.424720e-05
5.994783e+00 -1.842221e-02 2.298652e-02 3.402664e-03 -1.185143e-01 -9.498160e-02 1.012316e-03
4.418175e+00 6.889374e-01 6.549626e-01 -1.988254e-01 -2.056376e-02 2.163046e-02 9.245515e-04
3.943219e+00 6.406563e-02 -4.371957e-01 3.642542e-02 4.339975e-02 6.359698e-03 -2.319761e-03
3.031603e+00 1.331662e-02 5.541579e-02 -1.370014e-02 -1.073966e-01 2.580779e-02 -1.818311e-03
5.834377e+00 -4.901629e-01 -8.173644e-01 1.254097e-01 2.606986e-02 -1.563376e-02 3.490501e-04
6.812520e+00 3.133222e-01 3.609877e-01 -9.620913e-02 -2.828251e-02 2.454803e-02 3.773185e-04
4.019362e+00 8.929277e-02 -4.805988e-01 5.363801e-02 3.748340e-02 6.964222e-03 1.351641e-03
5.424043e+00 -4.357393e-01 8.423054e-01 -1.073489e-01 -2.702029e-02 -1.397807e-02 -2.346726e-03
9.865156e-01 -4.355388e-01 -6.113461e-01 -1.301135e-02 2.789544e-02 -1.987344e-02 -2.510986e-03
9.022840e+00 -5.307847e-01 2.743437e-02 1.142225e-01 -1.814379e-03 -3.510357e-02 9.731947e-04
8.612500e+00 1.738307e-01 -2.246125e-01 -3.366130e-02 3.998826e-02 3.094746e-02 -1.671178e-03
9.912750e+00 4.557119e-01 1.538160e-01 9.567229e-02 -1.198844e-02 3.551827e-02 4.591119e-04
9.329744e+00 -7.934366e-01 2.381935e-01 3.653482e-02 -8.131915e-03 -2.708789e-02 -3.494833e-04
6.184954e+00 5.361849e-01 -3.215646e-01 -2.426051e-02 1.779047e-02 2.966427e-02 -1.469916e-03
4.010824e+00 -7.481306e-01 4.784341e-01 7.896569e-02 -1.463608e-02 -2.288653e-02 -1.231854e-03
7.332758e+00 8.850611e-01 2.198994e-01 -4.104321e-02 -7.100874e-03 2.857992e-02 3.009238e-03
2.757948e+00 -2.463024e-01 -2.144587e-01 2.286434e-02 2.866390e-02 -3.292003e-02 8.912542e-04
7.680720e+00 2.095373e-02 4.950810e-02 -7.792875e-03 -1.150481e-01 4.869277e-02 -1.224550e-02
2.446252e+00 -9.562176e-01 -5.840965e-02 8.597323e-02 1.588740e-03 -2.600908e-02 -5.189607e-04
4.017847e+00 -8.914780e-01 3.423061e-01 2.133830e-02 -9.070015e-03 -2.362131e-02 -9.213102e-04
1.871753e+00 -7.359237e-02 -3.124464e-01 3.395942e-02 4.820040e-02 -1.135293e-02 -1.540014e-03
9.067686e+00 1.768532e-01 -2.399562e-01 -4.183011e-03 3.521565e-02 2.595475e-02 8.329402e-04
2.074941e+00 5.777089e-01 6.199438e-01 6.476579e-02 -1.893495e-02 1.764497e-02 9.736219e-04
9.090337e+00 -3.638393e-01 -5.551528e-01 -1.114653e-01 2.975768e-02 -1.950276e-02 -6.954949e-04
9.764600e+00 -6.002270e-04 2.862136e-03 2.609454e-04 -5.296658e-01 -1.110778e-01 5.873712e-02
5.185765e+00 6.460476e-01 5.269210e-01 1.027327e-02 -2.049338e-02 2.512653e-02 4.803048e-04
7.123117e+00 -3.012207e-01 3.241190e-01 -3.414551e-03 -2.869729e-02 -2.666989e-02 -1.178915e-04
3.506751e+00 2.896246e-01 1.430802e-01 -2.336071e-02 -1.795248e-02 3.633962e-02 1.050283e-03
3.227691e+00 -1.422151e-01 -8.767302e-01 -6.755864e-02 2.687720e-02 -4.359771e-03 7.093977e-04
6.604352e+00 -1.224810e-02 2.201218e-02 -1.334209e-03 -1.537892e-01 -8.557192e-02 -3.089549e-03
6.173075e+00 -1.405847e-01 1.243028e-01 6.508028e-03 -4.303699e-02 -4.867424e-02 -1.770508e-03
8.127262e+00 5.433305e-01 -8.138589e-01 6.389003e-02 2.018084e-02 1.347269e-02 -1.213827e-03
9.121174e-01 -2.040842e-01 -9.853815e-02 1.576619e-02 2.210602e-02 -4.578419e-02 1.730492e-04
5.269002e+00 2.360538e-01 -6.854125e-01 5.149963e-02 2.718748e-02 9.363276e-03 -1.784800e-04
6.050250e+00 -3.011383e-01 -2.520725e-01 -2.604823e-02 2.466808e-02 -2.946971e-02 -1.747984e-03
9.575607e-01 2.602795e-01 7.269975e-01 -3.711243e-02 -2.952305e-02 1.056984e-02 1.714374e-03
6.861157e+00 -3.092809e-01 -1.666645e-01 -3.079046e-02 2.044824e-02 -3.794600e-02 -1.950659e-03
2.332440e+00 3.074437e-03 3.629972e-03 8.185801e-05 -2.539049e-01 2.150470e-01 -1.687803e-02
2.237144e+00 -3.354685e-01 4.911277e-01 9.338250e-02 -2.671901e-02 -1.825062e-02 5.783354e-04
9.565283e+00 -3.317800e-01 3.285981e-01 -6.598476e-02 -2.562435e-02 -2.587248e-02 2.188768e-03
2.361855e+00 -8.377897e-02 1.753504e-01 -1.324873e-02 -5.721728e-02 -2.733729e-02 3.263341e-03
1.908679e+00 1.998311e-01 -5.036329e-02 2.290611e-02 1.236898e-02 4.907756e-02 1.902563e-05
6.393951e+00 1.227985e-01 2.992377e-01 4.355460e-02 -4.273053e-02 1.753538e-02 1.546219e-03
2.087665e+00 3.292451e-01 2.941413e-01 -1.303612e-02 -2.807380e-02 3.142423e-02 1.022687e-03
4.860524e+00 -2.175964e-01 7.942745e-01 -8.349639e-03 -3.068832e-02 -8.407255e-03 1.311979e-03
2.924884e+00 8.614674e-02 -4.129546e-01 -2.838562e-02 3.683519e-02 7.684215e-03 -1.653180e-03
6.855216e+00 1.455871e-01 3.830491e-01 1.658306e-02 -3.411547e-02 1.296641e-02 -9.725187e-04
2.269905e+00 9.273809e-02 2.966375e-01 -2.729886e-02 -4.552681e-02 1.423309e-02 -2.589793e-03
1.710154e+00 2.649133e-01 -8.580118e-01 -1.387160e-01 2.790877e-02 8.616904e-03 6.957792e-04
9.078708e+00 9.304172e-01 3.437002e-01 1.307207e-01 -8.825096e-03 2.389006e-02 -4.085862e-04
2.680282e+00 -7.368334e-01 2.256243e-01 9.894034e-02 -9.316549e-03 -3.042555e-02 2.321504e-03
5.379816e+00 3.286832e-01 4.463046e-02 5.768221e-02 -6.281395e-03 4.625964e-02 -5.566517e-04
4.396339e+00 -6.523352e-01 3.915726e-01 6.216936e-02 -1.383391e-02 -2.304643e-02 1.855686e-04
7.774982e+00 5.696111e-01 -3.621522e-01 8.875397e-02 1.615472e-02 2.540896e-02 4.521197e-04
6.485387e+00 -9.675344e-02 -4.627318e-01 9.673541e-02 3.667832e-02 -7.669137e-03 -3.830038e-04
8.295893e+00 2.155224e-01 1.495171e-01 2.335264e-03 -3.119083e-02 4.496024e-02 1.197676e-03
4.892215e+00 3.561539e-01 -9.335153e-02 4.784896e-03 1.175014e-02 4.482903e-02 -1.227264e-03
4.195191e+00 4.472246e-01 2.638062e-01 -3.026911e-03 -2.026780e-02 3.435953e-02 1.418176e-03
2.172285e+00 -6.962526e-01 -2.527317e-01 2.641622e-02 1.025984e-02 -2.826491e-02 8.434837e-04
7.273968e+00 1.218650e-01 -1.672069e-01 1.912228e-02 4.062902e-02 2.961156e-02 1.263402e-03
2.870845e+00 -4.570450e-01 -1.941620e-01 1.785802e-02 1.535337e-02 -3.614085e-02 -1.048303e-03
6.960205e+00 9.333370e-01 2.111338e-01 6.673621e-02 -6.367108e-03 2.814640e-02 -1.449821e-03
1.383696e+00 -3.151279e-01 -1.905360e-01 -2.043632e-02 2.185081e-02 -3.613909e-02 1.371295e-03
5.883692e+00 7.679511e-01 -3.019874e-01 -3.275325e-02 9.414455e-03 2.394087e-02 -5.195625e-04
1.711417e+00 1.179836e-01 -4.320494e-02 -1.237604e-02 2.813065e-02 7.681885e-02 -1.634602e-03
4.738057e+00 -1.309661e-01 7.838910e-02 -6.354463e-03 -3.745435e-02 -6.257567e-02 1.981216e-03
2.601130e+00 -9.150976e-02 -5.146176e-02 -3.397259e-03 4.393318e-02 -7.812237e-02 2.229537e-03
8.691375e+00 -2.867288e-01 -4.894808e-01 7.725156e-02 3.214913e-02 -1.883237e-02 -7.256906e-05
8.740031e-01 -7.022872e-01 -1.274532e-01 8.951612e-02 5.937882e-03 -3.271865e-02 8.388401e-04
8.736598e+00 -8.275188e-01 4.869709e-01 1.226808e-01 -1.465996e-02 -2.491195e-02 -1.126255e-03
2.630840e+00 -3.889638e-01 -9.454649e-02 5.025255e-02 9.362516e-03 -3.851734e-02 -1.858283e-03
3.442270e+00 2.358150e-01 1.277358e-01 -3.284685e-03 -2.624096e-02 4.844383e-02 1.412739e-03
4.741577e+00 -1.740792e-01 9.626664e-01 1.129056e-01 -2.676089e-02 -4.839179e-03 -3.153786e-03
3.531818e+00 4.501601e-01 -7.323797e-01 -4.185130e-02 2.393835e-02 1.471380e-02 2.690768e-03
2.909618e+00 -9.974902e-02 1.024348e-01 2.358111e-02 -4.534870e-02 -4.415967e-02 -5.501139e-03
6.526044e+00 -9.922904e-01 3.074826e-03 4.280747e-03 -7.359346e-05 -2.374967e-02 -2.779844e-05
7.330616e+00 3.402428e-01 1.650474e-01 9.926897e-03 -1.669256e-02 3.441147e-02 1.112167e-03
6.599300e+00 -9.786620e-02 -4.046604e-01 2.274322e-02 3.490653e-02 -8.442065e-03 -3.597118e-03
3.744599e+00 8.529091e-01 -5.109395e-01 1.193267e-01 1.426294e-02 2.380906e-02 -2.414309e-04
4.274694e+00 -6.182094e-01 2.387783e-01 -1.083062e-01 -1.161551e-02 -3.007316e-02 -1.825226e-03
8.980720e+00 2.340574e-02 4.597616e-01 4.426118e-02 -3.808748e-02 1.938974e-03 -3.681145e-03
3.782540e+00 3.645021e-01 -4.525683e-01 5.230279e-02 2.733867e-02 2.201878e-02 1.735587e-03
7.455599e+00 3.032246e-01 3.886571e-01 1.528205e-02 -3.242593e-02 2.529824e-02 -2.725148e-04
